# T0 = 10
# mxlib uncomp [dev]: 15c346a9a22d5b28a2224372f9d9f720bd775978
# mxlib comp [dev]: 38139e97f9e4c035fd45e2571fd22f6c821a6b80
# pointingEnv [main]: 3cf5ddfc1a0da1f0a303c92d477776fbd28ce3a2
1 1.18921 16
1 1.41421 16
1 1.68179 16
1 2 32
1 2.37841 16
1 2.82843 8
1 3.36359 128
1 4 8
1 4.75683 8
1 5.65685 8
1 6.72717 8
1 8 4
1 9.51366 4
1 11.3137 nan
1 13.4543 nan
1 16 nan
1 19.0273 nan
1 22.6274 nan
1 26.9087 nan
1 32 nan
1 38.0546 nan
1 45.2548 nan
1 53.8174 nan
1 64 nan
1 76.1093 nan
1 90.5097 nan
1 107.635 nan
1 128 nan
1 152.219 nan
1 181.019 nan
1 215.269 nan
1 256 nan
1 304.437 nan
1 362.039 nan
1 430.539 nan
1 512 nan
1 608.874 nan
1 724.077 nan
1 861.078 nan
1 1024 nan
1 1217.75 nan
1 1448.15 nan
1 1722.16 nan
1 2048 nan
1 2435.5 nan
1 2896.31 nan
1 3444.31 nan

1.1 1.18921 16
1.1 1.41421 16
1.1 1.68179 32
1.1 2 16
1.1 2.37841 8
1.1 2.82843 128
1.1 3.36359 8
1.1 4 4
1.1 4.75683 4
1.1 5.65685 4
1.1 6.72717 4
1.1 8 4
1.1 9.51366 2
1.1 11.3137 27.738
1.1 13.4543 nan
1.1 16 nan
1.1 19.0273 nan
1.1 22.6274 nan
1.1 26.9087 nan
1.1 32 nan
1.1 38.0546 nan
1.1 45.2548 nan
1.1 53.8174 nan
1.1 64 nan
1.1 76.1093 nan
1.1 90.5097 nan
1.1 107.635 nan
1.1 128 nan
1.1 152.219 nan
1.1 181.019 nan
1.1 215.269 nan
1.1 256 nan
1.1 304.437 nan
1.1 362.039 nan
1.1 430.539 nan
1.1 512 nan
1.1 608.874 nan
1.1 724.077 nan
1.1 861.078 nan
1.1 1024 nan
1.1 1217.75 nan
1.1 1448.15 nan
1.1 1722.16 nan
1.1 2048 nan
1.1 2435.5 nan
1.1 2896.31 nan
1.1 3444.31 nan

1.2 1.18921 16
1.2 1.41421 16
1.2 1.68179 16
1.2 2 64
1.2 2.37841 128
1.2 2.82843 8
1.2 3.36359 256
1.2 4 4
1.2 4.75683 4
1.2 5.65685 4
1.2 6.72717 4
1.2 8 4
1.2 9.51366 4
1.2 11.3137 18.2379
1.2 13.4543 nan
1.2 16 nan
1.2 19.0273 nan
1.2 22.6274 nan
1.2 26.9087 nan
1.2 32 nan
1.2 38.0546 nan
1.2 45.2548 nan
1.2 53.8174 nan
1.2 64 nan
1.2 76.1093 nan
1.2 90.5097 nan
1.2 107.635 nan
1.2 128 nan
1.2 152.219 nan
1.2 181.019 nan
1.2 215.269 nan
1.2 256 nan
1.2 304.437 nan
1.2 362.039 nan
1.2 430.539 nan
1.2 512 nan
1.2 608.874 nan
1.2 724.077 nan
1.2 861.078 nan
1.2 1024 nan
1.2 1217.75 nan
1.2 1448.15 nan
1.2 1722.16 nan
1.2 2048 nan
1.2 2435.5 nan
1.2 2896.31 nan
1.2 3444.31 nan

1.3 1.18921 8
1.3 1.41421 8
1.3 1.68179 64
1.3 2 8
1.3 2.37841 4
1.3 2.82843 256
1.3 3.36359 4
1.3 4 4
1.3 4.75683 2
1.3 5.65685 1024
1.3 6.72717 4
1.3 8 4
1.3 9.51366 4
1.3 11.3137 13.6013
1.3 13.4543 55.0062
1.3 16 nan
1.3 19.0273 nan
1.3 22.6274 nan
1.3 26.9087 nan
1.3 32 nan
1.3 38.0546 nan
1.3 45.2548 nan
1.3 53.8174 nan
1.3 64 nan
1.3 76.1093 nan
1.3 90.5097 nan
1.3 107.635 nan
1.3 128 nan
1.3 152.219 nan
1.3 181.019 nan
1.3 215.269 nan
1.3 256 nan
1.3 304.437 nan
1.3 362.039 nan
1.3 430.539 nan
1.3 512 nan
1.3 608.874 nan
1.3 724.077 nan
1.3 861.078 nan
1.3 1024 nan
1.3 1217.75 nan
1.3 1448.15 nan
1.3 1722.16 nan
1.3 2048 nan
1.3 2435.5 nan
1.3 2896.31 nan
1.3 3444.31 nan

1.4 1.18921 8
1.4 1.41421 16
1.4 1.68179 64
1.4 2 128
1.4 2.37841 4
1.4 2.82843 4
1.4 3.36359 4
1.4 4 4
1.4 4.75683 2
1.4 5.65685 2
1.4 6.72717 4
1.4 8 4
1.4 9.51366 4
1.4 11.3137 10.981
1.4 13.4543 29.0895
1.4 16 nan
1.4 19.0273 nan
1.4 22.6274 nan
1.4 26.9087 nan
1.4 32 nan
1.4 38.0546 nan
1.4 45.2548 nan
1.4 53.8174 nan
1.4 64 nan
1.4 76.1093 nan
1.4 90.5097 nan
1.4 107.635 nan
1.4 128 nan
1.4 152.219 nan
1.4 181.019 nan
1.4 215.269 nan
1.4 256 nan
1.4 304.437 nan
1.4 362.039 nan
1.4 430.539 nan
1.4 512 nan
1.4 608.874 nan
1.4 724.077 nan
1.4 861.078 nan
1.4 1024 nan
1.4 1217.75 nan
1.4 1448.15 nan
1.4 1722.16 nan
1.4 2048 nan
1.4 2435.5 nan
1.4 2896.31 nan
1.4 3444.31 nan

1.5 1.18921 16
1.5 1.41421 64
1.5 1.68179 8
1.5 2 4
1.5 2.37841 256
1.5 2.82843 4
1.5 3.36359 512
1.5 4 4
1.5 4.75683 4
1.5 5.65685 4
1.5 6.72717 4
1.5 8 4
1.5 9.51366 4
1.5 11.3137 9.26922
1.5 13.4543 20.8541
1.5 16 56.3933
1.5 19.0273 nan
1.5 22.6274 nan
1.5 26.9087 nan
1.5 32 nan
1.5 38.0546 nan
1.5 45.2548 nan
1.5 53.8174 nan
1.5 64 nan
1.5 76.1093 nan
1.5 90.5097 nan
1.5 107.635 nan
1.5 128 nan
1.5 152.219 nan
1.5 181.019 nan
1.5 215.269 nan
1.5 256 nan
1.5 304.437 nan
1.5 362.039 nan
1.5 430.539 nan
1.5 512 nan
1.5 608.874 nan
1.5 724.077 nan
1.5 861.078 nan
1.5 1024 nan
1.5 1217.75 nan
1.5 1448.15 nan
1.5 1722.16 nan
1.5 2048 nan
1.5 2435.5 nan
1.5 2896.31 nan
1.5 3444.31 nan

1.6 1.18921 16
1.6 1.41421 64
1.6 1.68179 4
1.6 2 4
1.6 2.37841 2
1.6 2.82843 4
1.6 3.36359 4
1.6 4 4
1.6 4.75683 4
1.6 5.65685 4
1.6 6.72717 4
1.6 8 4
1.6 9.51366 4
1.6 11.3137 8.06864
1.6 13.4543 15.9034
1.6 16 32.3346
1.6 19.0273 nan
1.6 22.6274 nan
1.6 26.9087 nan
1.6 32 nan
1.6 38.0546 nan
1.6 45.2548 nan
1.6 53.8174 nan
1.6 64 nan
1.6 76.1093 nan
1.6 90.5097 nan
1.6 107.635 nan
1.6 128 nan
1.6 152.219 nan
1.6 181.019 nan
1.6 215.269 nan
1.6 256 nan
1.6 304.437 nan
1.6 362.039 nan
1.6 430.539 nan
1.6 512 nan
1.6 608.874 nan
1.6 724.077 nan
1.6 861.078 nan
1.6 1024 nan
1.6 1217.75 nan
1.6 1448.15 nan
1.6 1722.16 nan
1.6 2048 nan
1.6 2435.5 nan
1.6 2896.31 nan
1.6 3444.31 nan

1.7 1.18921 32
1.7 1.41421 8
1.7 1.68179 2
1.7 2 2
1.7 2.37841 4
1.7 2.82843 512
1.7 3.36359 4
1.7 4 1024
1.7 4.75683 4
1.7 5.65685 4
1.7 6.72717 4
1.7 8 4
1.7 9.51366 4
1.7 11.3137 7.03031
1.7 13.4543 13.0606
1.7 16 24.0931
1.7 19.0273 50.5965
1.7 22.6274 nan
1.7 26.9087 nan
1.7 32 nan
1.7 38.0546 nan
1.7 45.2548 nan
1.7 53.8174 nan
1.7 64 nan
1.7 76.1093 nan
1.7 90.5097 nan
1.7 107.635 nan
1.7 128 nan
1.7 152.219 nan
1.7 181.019 nan
1.7 215.269 nan
1.7 256 nan
1.7 304.437 nan
1.7 362.039 nan
1.7 430.539 nan
1.7 512 nan
1.7 608.874 nan
1.7 724.077 nan
1.7 861.078 nan
1.7 1024 nan
1.7 1217.75 nan
1.7 1448.15 nan
1.7 1722.16 nan
1.7 2048 nan
1.7 2435.5 nan
1.7 2896.31 nan
1.7 3444.31 nan

1.8 1.18921 64
1.8 1.41421 4
1.8 1.68179 4
1.8 2 256
1.8 2.37841 4
1.8 2.82843 4
1.8 3.36359 4
1.8 4 1024
1.8 4.75683 4
1.8 5.65685 4
1.8 6.72717 4
1.8 8 2
1.8 9.51366 2
1.8 11.3137 6.27794
1.8 13.4543 11.0955
1.8 16 18.8329
1.8 19.0273 32.0142
1.8 22.6274 79.6253
1.8 26.9087 nan
1.8 32 nan
1.8 38.0546 nan
1.8 45.2548 nan
1.8 53.8174 nan
1.8 64 nan
1.8 76.1093 nan
1.8 90.5097 nan
1.8 107.635 nan
1.8 128 nan
1.8 152.219 nan
1.8 181.019 nan
1.8 215.269 nan
1.8 256 nan
1.8 304.437 nan
1.8 362.039 nan
1.8 430.539 nan
1.8 512 nan
1.8 608.874 nan
1.8 724.077 nan
1.8 861.078 nan
1.8 1024 nan
1.8 1217.75 nan
1.8 1448.15 nan
1.8 1722.16 nan
1.8 2048 nan
1.8 2435.5 nan
1.8 2896.31 nan
1.8 3444.31 nan

1.9 1.18921 8
1.9 1.41421 2
1.9 1.68179 4
1.9 2 256
1.9 2.37841 4
1.9 2.82843 4
1.9 3.36359 4
1.9 4 2
1.9 4.75683 2
1.9 5.65685 2
1.9 6.72717 2
1.9 8 2
1.9 9.51366 2
1.9 11.3137 5.71436
1.9 13.4543 9.66229
1.9 16 15.2858
1.9 19.0273 25.0586
1.9 22.6274 44.7161
1.9 26.9087 nan
1.9 32 nan
1.9 38.0546 nan
1.9 45.2548 nan
1.9 53.8174 nan
1.9 64 nan
1.9 76.1093 nan
1.9 90.5097 nan
1.9 107.635 nan
1.9 128 nan
1.9 152.219 nan
1.9 181.019 nan
1.9 215.269 nan
1.9 256 nan
1.9 304.437 nan
1.9 362.039 nan
1.9 430.539 nan
1.9 512 nan
1.9 608.874 nan
1.9 724.077 nan
1.9 861.078 nan
1.9 1024 nan
1.9 1217.75 nan
1.9 1448.15 nan
1.9 1722.16 nan
1.9 2048 nan
1.9 2435.5 nan
1.9 2896.31 nan
1.9 3444.31 nan

2 1.18921 64
2 1.41421 4
2 1.68179 4
2 2 4
2 2.37841 4
2 2.82843 2
2 3.36359 2
2 4 2
2 4.75683 2
2 5.65685 2
2 6.72717 2
2 8 2
2 9.51366 2
2 11.3137 5.27564
2 13.4543 8.56848
2 16 13.0561
2 19.0273 20.2057
2 22.6274 30.8912
2 26.9087 56.4293
2 32 nan
2 38.0546 nan
2 45.2548 nan
2 53.8174 nan
2 64 nan
2 76.1093 nan
2 90.5097 nan
2 107.635 nan
2 128 nan
2 152.219 nan
2 181.019 nan
2 215.269 nan
2 256 nan
2 304.437 nan
2 362.039 nan
2 430.539 nan
2 512 nan
2 608.874 nan
2 724.077 nan
2 861.078 nan
2 1024 nan
2 1217.75 nan
2 1448.15 nan
2 1722.16 nan
2 2048 nan
2 2435.5 nan
2 2896.31 nan
2 3444.31 nan

2.1 1.18921 2
2.1 1.41421 128
2.1 1.68179 4
2.1 2 4
2.1 2.37841 2
2.1 2.82843 2
2.1 3.36359 1024
2.1 4 2
2.1 4.75683 2
2.1 5.65685 2
2.1 6.72717 2
2.1 8 2
2.1 9.51366 2
2.1 11.3137 4.92323
2.1 13.4543 7.67653
2.1 16 11.3961
2.1 19.0273 16.6007
2.1 22.6274 25.1062
2.1 26.9087 39.8267
2.1 32 81.5075
2.1 38.0546 nan
2.1 45.2548 nan
2.1 53.8174 nan
2.1 64 nan
2.1 76.1093 nan
2.1 90.5097 nan
2.1 107.635 nan
2.1 128 nan
2.1 152.219 nan
2.1 181.019 nan
2.1 215.269 nan
2.1 256 nan
2.1 304.437 nan
2.1 362.039 nan
2.1 430.539 nan
2.1 512 nan
2.1 608.874 nan
2.1 724.077 nan
2.1 861.078 nan
2.1 1024 nan
2.1 1217.75 nan
2.1 1448.15 nan
2.1 1722.16 nan
2.1 2048 nan
2.1 2435.5 nan
2.1 2896.31 nan
2.1 3444.31 nan

2.2 1.18921 2
2.2 1.41421 128
2.2 1.68179 4
2.2 2 2
2.2 2.37841 512
2.2 2.82843 2
2.2 3.36359 1024
2.2 4 2
2.2 4.75683 2048
2.2 5.65685 2
2.2 6.72717 2
2.2 8 2
2.2 9.51366 2
2.2 11.3137 4.63265
2.2 13.4543 6.94241
2.2 16 10.1117
2.2 19.0273 14.2698
2.2 22.6274 20.8043
2.2 26.9087 29.6997
2.2 32 49.2647
2.2 38.0546 nan
2.2 45.2548 nan
2.2 53.8174 nan
2.2 64 nan
2.2 76.1093 nan
2.2 90.5097 nan
2.2 107.635 nan
2.2 128 nan
2.2 152.219 nan
2.2 181.019 nan
2.2 215.269 nan
2.2 256 nan
2.2 304.437 nan
2.2 362.039 nan
2.2 430.539 nan
2.2 512 nan
2.2 608.874 nan
2.2 724.077 nan
2.2 861.078 nan
2.2 1024 nan
2.2 1217.75 nan
2.2 1448.15 nan
2.2 1722.16 nan
2.2 2048 nan
2.2 2435.5 nan
2.2 2896.31 nan
2.2 3444.31 nan

2.3 1.18921 128
2.3 1.41421 4
2.3 1.68179 256
2.3 2 2
2.3 2.37841 2
2.3 2.82843 2
2.3 3.36359 2
2.3 4 2
2.3 4.75683 2
2.3 5.65685 2
2.3 6.72717 2
2.3 8 2
2.3 9.51366 2
2.3 11.3137 4.38762
2.3 13.4543 6.36341
2.3 16 9.08346
2.3 19.0273 12.5762
2.3 22.6274 17.4406
2.3 26.9087 24.8583
2.3 32 35.8641
2.3 38.0546 58.138
2.3 45.2548 nan
2.3 53.8174 nan
2.3 64 nan
2.3 76.1093 nan
2.3 90.5097 nan
2.3 107.635 nan
2.3 128 nan
2.3 152.219 nan
2.3 181.019 nan
2.3 215.269 nan
2.3 256 nan
2.3 304.437 nan
2.3 362.039 nan
2.3 430.539 nan
2.3 512 nan
2.3 608.874 nan
2.3 724.077 nan
2.3 861.078 nan
2.3 1024 nan
2.3 1217.75 nan
2.3 1448.15 nan
2.3 1722.16 nan
2.3 2048 nan
2.3 2435.5 nan
2.3 2896.31 nan
2.3 3444.31 nan

2.4 1.18921 128
2.4 1.41421 4
2.4 1.68179 256
2.4 2 1
2.4 2.37841 512
2.4 2.82843 2
2.4 3.36359 2
2.4 4 2
2.4 4.75683 2
2.4 5.65685 2
2.4 6.72717 2
2.4 8 2
2.4 9.51366 2
2.4 11.3137 4.17693
2.4 13.4543 5.89513
2.4 16 8.23437
2.4 19.0273 11.2376
2.4 22.6274 15.0313
2.4 26.9087 21.065
2.4 32 28.6991
2.4 38.0546 44.1136
2.4 45.2548 84.3976
2.4 53.8174 nan
2.4 64 nan
2.4 76.1093 nan
2.4 90.5097 nan
2.4 107.635 nan
2.4 128 nan
2.4 152.219 nan
2.4 181.019 nan
2.4 215.269 nan
2.4 256 nan
2.4 304.437 nan
2.4 362.039 nan
2.4 430.539 nan
2.4 512 nan
2.4 608.874 nan
2.4 724.077 nan
2.4 861.078 nan
2.4 1024 nan
2.4 1217.75 nan
2.4 1448.15 nan
2.4 1722.16 nan
2.4 2048 nan
2.4 2435.5 nan
2.4 2896.31 nan
2.4 3444.31 nan

2.5 1.18921 128
2.5 1.41421 4
2.5 1.68179 256
2.5 2 2
2.5 2.37841 2
2.5 2.82843 2
2.5 3.36359 2
2.5 4 2
2.5 4.75683 2
2.5 5.65685 2
2.5 6.72717 2
2.5 8 2
2.5 9.51366 2
2.5 11.3137 3.97853
2.5 13.4543 5.50817
2.5 16 7.52064
2.5 19.0273 10.1483
2.5 22.6274 13.3988
2.5 26.9087 17.9664
2.5 32 24.5824
2.5 38.0546 32.6624
2.5 45.2548 52.2447
2.5 53.8174 nan
2.5 64 nan
2.5 76.1093 nan
2.5 90.5097 nan
2.5 107.635 nan
2.5 128 nan
2.5 152.219 nan
2.5 181.019 nan
2.5 215.269 nan
2.5 256 nan
2.5 304.437 nan
2.5 362.039 nan
2.5 430.539 nan
2.5 512 nan
2.5 608.874 nan
2.5 724.077 nan
2.5 861.078 nan
2.5 1024 nan
2.5 1217.75 nan
2.5 1448.15 nan
2.5 1722.16 nan
2.5 2048 nan
2.5 2435.5 nan
2.5 2896.31 nan
2.5 3444.31 nan

2.6 1.18921 128
2.6 1.41421 1
2.6 1.68179 256
2.6 2 1
2.6 2.37841 2
2.6 2.82843 2
2.6 3.36359 2
2.6 4 2
2.6 4.75683 2
2.6 5.65685 2
2.6 6.72717 2
2.6 8 2
2.6 9.51366 2
2.6 11.3137 3.56973
2.6 13.4543 5.18233
2.6 16 6.93748
2.6 19.0273 9.2378
2.6 22.6274 12.0804
2.6 26.9087 15.5377
2.6 32 21.2141
2.6 38.0546 27.9617
2.6 45.2548 40.3329
2.6 53.8174 60.2153
2.6 64 nan
2.6 76.1093 nan
2.6 90.5097 nan
2.6 107.635 nan
2.6 128 nan
2.6 152.219 nan
2.6 181.019 nan
2.6 215.269 nan
2.6 256 nan
2.6 304.437 nan
2.6 362.039 nan
2.6 430.539 nan
2.6 512 nan
2.6 608.874 nan
2.6 724.077 nan
2.6 861.078 nan
2.6 1024 nan
2.6 1217.75 nan
2.6 1448.15 nan
2.6 1722.16 nan
2.6 2048 nan
2.6 2435.5 nan
2.6 2896.31 nan
2.6 3444.31 nan

2.7 1.18921 128
2.7 1.41421 2
2.7 1.68179 1
2.7 2 2
2.7 2.37841 2
2.7 2.82843 2
2.7 3.36359 2
2.7 4 1
2.7 4.75683 2
2.7 5.65685 2
2.7 6.72717 2
2.7 8 2
2.7 9.51366 2
2.7 11.3137 3.28826
2.7 13.4543 4.9033
2.7 16 6.4548
2.7 19.0273 8.4573
2.7 22.6274 10.9888
2.7 26.9087 14.0058
2.7 32 18.3591
2.7 38.0546 24.3987
2.7 45.2548 31.1974
2.7 53.8174 48.2121
2.7 64 127.333
2.7 76.1093 nan
2.7 90.5097 nan
2.7 107.635 nan
2.7 128 nan
2.7 152.219 nan
2.7 181.019 nan
2.7 215.269 nan
2.7 256 nan
2.7 304.437 nan
2.7 362.039 nan
2.7 430.539 nan
2.7 512 nan
2.7 608.874 nan
2.7 724.077 nan
2.7 861.078 nan
2.7 1024 nan
2.7 1217.75 nan
2.7 1448.15 nan
2.7 1722.16 nan
2.7 2048 nan
2.7 2435.5 nan
2.7 2896.31 nan
2.7 3444.31 nan

2.8 1.18921 128
2.8 1.41421 2
2.8 1.68179 2
2.8 2 2
2.8 2.37841 2
2.8 2.82843 1
2.8 3.36359 2
2.8 4 2
2.8 4.75683 2
2.8 5.65685 2
2.8 6.72717 2
2.8 8 2
2.8 9.51366 0.912989
2.8 11.3137 3.08457
2.8 13.4543 4.6607
2.8 16 6.04857
2.8 19.0273 7.78962
2.8 22.6274 10.0634
2.8 26.9087 12.7442
2.8 32 15.9117
2.8 38.0546 21.3757
2.8 45.2548 27.5045
2.8 53.8174 37.6438
2.8 64 56.2612
2.8 76.1093 nan
2.8 90.5097 nan
2.8 107.635 nan
2.8 128 nan
2.8 152.219 nan
2.8 181.019 nan
2.8 215.269 nan
2.8 256 nan
2.8 304.437 nan
2.8 362.039 nan
2.8 430.539 nan
2.8 512 nan
2.8 608.874 nan
2.8 724.077 nan
2.8 861.078 nan
2.8 1024 nan
2.8 1217.75 nan
2.8 1448.15 nan
2.8 1722.16 nan
2.8 2048 nan
2.8 2435.5 nan
2.8 2896.31 nan
2.8 3444.31 nan

2.9 1.18921 128
2.9 1.41421 1
2.9 1.68179 2
2.9 2 2
2.9 2.37841 1
2.9 2.82843 2
2.9 3.36359 2
2.9 4 1
2.9 4.75683 2
2.9 5.65685 2
2.9 6.72717 2
2.9 8 2
2.9 9.51366 2
2.9 11.3137 2.93145
2.9 13.4543 4.44678
2.9 16 5.70154
2.9 19.0273 7.24894
2.9 22.6274 9.26112
2.9 26.9087 11.6824
2.9 32 14.4925
2.9 38.0546 18.7328
2.9 45.2548 24.3703
2.9 53.8174 30.5324
2.9 64 45.6502
2.9 76.1093 77.715
2.9 90.5097 nan
2.9 107.635 nan
2.9 128 nan
2.9 152.219 nan
2.9 181.019 nan
2.9 215.269 nan
2.9 256 nan
2.9 304.437 nan
2.9 362.039 nan
2.9 430.539 nan
2.9 512 nan
2.9 608.874 nan
2.9 724.077 nan
2.9 861.078 nan
2.9 1024 nan
2.9 1217.75 nan
2.9 1448.15 nan
2.9 1722.16 nan
2.9 2048 nan
2.9 2435.5 nan
2.9 2896.31 nan
2.9 3444.31 nan

3.02839 1.18921 128
3.02839 1.41421 2
3.02839 1.68179 2
3.02839 2 512
3.02839 2.37841 2
3.02839 2.82843 2
3.02839 3.36359 2
3.02839 4 2
3.02839 4.75683 2
3.02839 5.65685 2
3.02839 6.72717 2
3.02839 8 2
3.02839 9.51366 2
3.02839 11.3137 2.78402
3.02839 13.4543 4.20485
3.02839 16 5.32281
3.02839 19.0273 6.67398
3.02839 22.6274 8.36245
3.02839 26.9087 10.5328
3.02839 32 12.9999
3.02839 38.0546 15.8361
3.02839 45.2548 20.9057
3.02839 53.8174 26.5075
3.02839 64 33.4312
3.02839 76.1093 51.3273
3.02839 90.5097 nan
3.02839 107.635 nan
3.02839 128 nan
3.02839 152.219 nan
3.02839 181.019 nan
3.02839 215.269 nan
3.02839 256 nan
3.02839 304.437 nan
3.02839 362.039 nan
3.02839 430.539 nan
3.02839 512 nan
3.02839 608.874 nan
3.02839 724.077 nan
3.02839 861.078 nan
3.02839 1024 nan
3.02839 1217.75 nan
3.02839 1448.15 nan
3.02839 1722.16 nan
3.02839 2048 nan
3.02839 2435.5 nan
3.02839 2896.31 nan
3.02839 3444.31 nan

3.16247 1.18921 1
3.16247 1.41421 2
3.16247 1.68179 1
3.16247 2 512
3.16247 2.37841 2
3.16247 2.82843 2
3.16247 3.36359 2
3.16247 4 2
3.16247 4.75683 2
3.16247 5.65685 2
3.16247 6.72717 2
3.16247 8 2
3.16247 9.51366 2.06735
3.16247 11.3137 2.87547
3.16247 13.4543 3.9754
3.16247 16 4.98832
3.16247 19.0273 6.18103
3.16247 22.6274 7.60862
3.16247 26.9087 9.5147
3.16247 32 11.7238
3.16247 38.0546 14.2103
3.16247 45.2548 17.7443
3.16247 53.8174 22.9487
3.16247 64 28.485
3.16247 76.1093 38.8127
3.16247 90.5097 57.2266
3.16247 107.635 nan
3.16247 128 nan
3.16247 152.219 nan
3.16247 181.019 nan
3.16247 215.269 nan
3.16247 256 nan
3.16247 304.437 nan
3.16247 362.039 nan
3.16247 430.539 nan
3.16247 512 nan
3.16247 608.874 nan
3.16247 724.077 nan
3.16247 861.078 nan
3.16247 1024 nan
3.16247 1217.75 nan
3.16247 1448.15 nan
3.16247 1722.16 nan
3.16247 2048 nan
3.16247 2435.5 nan
3.16247 2896.31 nan
3.16247 3444.31 nan

3.30249 1.18921 2
3.30249 1.41421 256
3.30249 1.68179 1
3.30249 2 512
3.30249 2.37841 2
3.30249 2.82843 1024
3.30249 3.36359 2
3.30249 4 2
3.30249 4.75683 2
3.30249 5.65685 2
3.30249 6.72717 2
3.30249 8 2
3.30249 9.51366 2.03868
3.30249 11.3137 2.75669
3.30249 13.4543 3.70533
3.30249 16 4.68874
3.30249 19.0273 5.75312
3.30249 22.6274 7.00454
3.30249 26.9087 8.58852
3.30249 32 10.6046
3.30249 38.0546 12.8313
3.30249 45.2548 15.3183
3.30249 53.8174 19.6865
3.30249 64 24.9003
3.30249 76.1093 30.3622
3.30249 90.5097 44.6956
3.30249 107.635 63.6707
3.30249 128 nan
3.30249 152.219 nan
3.30249 181.019 nan
3.30249 215.269 nan
3.30249 256 nan
3.30249 304.437 nan
3.30249 362.039 nan
3.30249 430.539 nan
3.30249 512 nan
3.30249 608.874 nan
3.30249 724.077 nan
3.30249 861.078 nan
3.30249 1024 nan
3.30249 1217.75 nan
3.30249 1448.15 nan
3.30249 1722.16 nan
3.30249 2048 nan
3.30249 2435.5 nan
3.30249 2896.31 nan
3.30249 3444.31 nan

3.4487 1.18921 2
3.4487 1.41421 256
3.4487 1.68179 2
3.4487 2 2
3.4487 2.37841 2
3.4487 2.82843 1024
3.4487 3.36359 2
3.4487 4 2
3.4487 4.75683 2
3.4487 5.65685 2
3.4487 6.72717 2
3.4487 8 2
3.4487 9.51366 2.0089
3.4487 11.3137 2.65129
3.4487 13.4543 3.47801
3.4487 16 4.41627
3.4487 19.0273 5.37677
3.4487 22.6274 6.48646
3.4487 26.9087 7.78233
3.4487 32 9.59546
3.4487 38.0546 11.6316
3.4487 45.2548 13.8617
3.4487 53.8174 16.621
3.4487 64 21.5992
3.4487 76.1093 26.817
3.4487 90.5097 32.6813
3.4487 107.635 51.4225
3.4487 128 nan
3.4487 152.219 nan
3.4487 181.019 nan
3.4487 215.269 nan
3.4487 256 nan
3.4487 304.437 nan
3.4487 362.039 nan
3.4487 430.539 nan
3.4487 512 nan
3.4487 608.874 nan
3.4487 724.077 nan
3.4487 861.078 nan
3.4487 1024 nan
3.4487 1217.75 nan
3.4487 1448.15 nan
3.4487 1722.16 nan
3.4487 2048 nan
3.4487 2435.5 nan
3.4487 2896.31 nan
3.4487 3444.31 nan

3.60139 1.18921 2
3.60139 1.41421 256
3.60139 1.68179 2
3.60139 2 512
3.60139 2.37841 2
3.60139 2.82843 2
3.60139 3.36359 2
3.60139 4 2
3.60139 4.75683 2
3.60139 5.65685 2
3.60139 6.72717 2
3.60139 8 2
3.60139 9.51366 2
3.60139 11.3137 2.55667
3.60139 13.4543 3.28387
3.60139 16 4.16417
3.60139 19.0273 5.04094
3.60139 22.6274 6.03667
3.60139 26.9087 7.18058
3.60139 32 8.65927
3.60139 38.0546 10.5578
3.60139 45.2548 12.6034
3.60139 53.8174 14.8289
3.60139 64 18.476
3.60139 76.1093 23.5378
3.60139 90.5097 28.771
3.60139 107.635 39.3495
3.60139 128 59.437
3.60139 152.219 nan
3.60139 181.019 nan
3.60139 215.269 nan
3.60139 256 nan
3.60139 304.437 nan
3.60139 362.039 nan
3.60139 430.539 nan
3.60139 512 nan
3.60139 608.874 nan
3.60139 724.077 nan
3.60139 861.078 nan
3.60139 1024 nan
3.60139 1217.75 nan
3.60139 1448.15 nan
3.60139 1722.16 nan
3.60139 2048 nan
3.60139 2435.5 nan
3.60139 2896.31 nan
3.60139 3444.31 nan

3.76083 1.18921 2
3.76083 1.41421 256
3.76083 1.68179 2
3.76083 2 2
3.76083 2.37841 2
3.76083 2.82843 2
3.76083 3.36359 2
3.76083 4 2
3.76083 4.75683 2
3.76083 5.65685 2
3.76083 6.72717 2
3.76083 8 2
3.76083 9.51366 2
3.76083 11.3137 2.47085
3.76083 13.4543 3.11591
3.76083 16 3.91459
3.76083 19.0273 4.73632
3.76083 22.6274 5.64089
3.76083 26.9087 6.66321
3.76083 32 7.83228
3.76083 38.0546 9.56717
3.76083 45.2548 11.4841
3.76083 53.8174 13.5346
3.76083 64 15.7535
3.76083 76.1093 20.4168
3.76083 90.5097 25.5757
3.76083 107.635 30.8505
3.76083 128 47.6644
3.76083 152.219 nan
3.76083 181.019 nan
3.76083 215.269 nan
3.76083 256 nan
3.76083 304.437 nan
3.76083 362.039 nan
3.76083 430.539 nan
3.76083 512 nan
3.76083 608.874 nan
3.76083 724.077 nan
3.76083 861.078 nan
3.76083 1024 nan
3.76083 1217.75 nan
3.76083 1448.15 nan
3.76083 1722.16 nan
3.76083 2048 nan
3.76083 2435.5 nan
3.76083 2896.31 nan
3.76083 3444.31 nan

3.92734 1.18921 2
3.92734 1.41421 2
3.92734 1.68179 2
3.92734 2 2
3.92734 2.37841 2
3.92734 2.82843 2
3.92734 3.36359 2
3.92734 4 2
3.92734 4.75683 2
3.92734 5.65685 2
3.92734 6.72717 2
3.92734 8 2
3.92734 9.51366 2
3.92734 11.3137 2.39224
3.92734 13.4543 2.96893
3.92734 16 3.66982
3.92734 19.0273 4.45486
3.92734 22.6274 5.28723
3.92734 26.9087 6.21286
3.92734 32 7.25509
3.92734 38.0546 8.62776
3.92734 45.2548 10.4567
3.92734 53.8174 12.39
3.92734 64 14.4463
3.92734 76.1093 17.4202
3.92734 90.5097 22.5193
3.92734 107.635 27.803
3.92734 128 36.2975
3.92734 152.219 58.1964
3.92734 181.019 nan
3.92734 215.269 nan
3.92734 256 nan
3.92734 304.437 nan
3.92734 362.039 nan
3.92734 430.539 nan
3.92734 512 nan
3.92734 608.874 nan
3.92734 724.077 nan
3.92734 861.078 nan
3.92734 1024 nan
3.92734 1217.75 nan
3.92734 1448.15 nan
3.92734 1722.16 nan
3.92734 2048 nan
3.92734 2435.5 nan
3.92734 2896.31 nan
3.92734 3444.31 nan

4.10122 1.18921 2
4.10122 1.41421 256
4.10122 1.68179 2
4.10122 2 2
4.10122 2.37841 2
4.10122 2.82843 2
4.10122 3.36359 2
4.10122 4 2
4.10122 4.75683 2
4.10122 5.65685 2
4.10122 6.72717 2
4.10122 8 2
4.10122 9.51366 2
4.10122 11.3137 2.31955
4.10122 13.4543 2.83894
4.10122 16 3.4595
4.10122 19.0273 4.18946
4.10122 22.6274 4.96547
4.10122 26.9087 5.81516
4.10122 32 6.75704
4.10122 38.0546 7.8145
4.10122 45.2548 9.48508
4.10122 53.8174 11.344
4.10122 64 13.2971
4.10122 76.1093 15.3656
4.10122 90.5097 19.5707
4.10122 107.635 24.8774
4.10122 128 30.3267
4.10122 152.219 47.166
4.10122 181.019 nan
4.10122 215.269 nan
4.10122 256 nan
4.10122 304.437 nan
4.10122 362.039 nan
4.10122 430.539 nan
4.10122 512 nan
4.10122 608.874 nan
4.10122 724.077 nan
4.10122 861.078 nan
4.10122 1024 nan
4.10122 1217.75 nan
4.10122 1448.15 nan
4.10122 1722.16 nan
4.10122 2048 nan
4.10122 2435.5 nan
4.10122 2896.31 nan
4.10122 3444.31 nan

4.2828 1.18921 2
4.2828 1.41421 2
4.2828 1.68179 2
4.2828 2 2
4.2828 2.37841 2
4.2828 2.82843 2
4.2828 3.36359 2
4.2828 4 0.5
4.2828 4.75683 0.5
4.2828 5.65685 0.5
4.2828 6.72717 0.537256
4.2828 8 0.704605
4.2828 9.51366 0.924695
4.2828 11.3137 2.25169
4.2828 13.4543 2.72286
4.2828 16 3.27688
4.2828 19.0273 3.93288
4.2828 22.6274 4.66669
4.2828 26.9087 5.45786
4.2828 32 6.32154
4.2828 38.0546 7.27676
4.2828 45.2548 8.54538
4.2828 53.8174 10.3575
4.2828 64 12.2516
4.2828 76.1093 14.2332
4.2828 90.5097 16.7639
4.2828 107.635 22.0452
4.2828 128 27.6002
4.2828 152.219 36.8288
4.2828 181.019 61.2113
4.2828 215.269 nan
4.2828 256 nan
4.2828 304.437 nan
4.2828 362.039 nan
4.2828 430.539 nan
4.2828 512 nan
4.2828 608.874 nan
4.2828 724.077 nan
4.2828 861.078 nan
4.2828 1024 nan
4.2828 1217.75 nan
4.2828 1448.15 nan
4.2828 1722.16 nan
4.2828 2048 nan
4.2828 2435.5 nan
4.2828 2896.31 nan
4.2828 3444.31 nan

4.47241 1.18921 2
4.47241 1.41421 2
4.47241 1.68179 2
4.47241 2 2
4.47241 2.37841 1024
4.47241 2.82843 0.5
4.47241 3.36359 0.5
4.47241 4 0.5
4.47241 4.75683 0.5
4.47241 5.65685 0.5
4.47241 6.72717 0.541847
4.47241 8 0.707999
4.47241 9.51366 0.925691
4.47241 11.3137 2.18772
4.47241 13.4543 2.6182
4.47241 16 3.11677
4.47241 19.0273 3.69883
4.47241 22.6274 4.38302
4.47241 26.9087 5.13024
4.47241 32 5.93443
4.47241 38.0546 6.81062
4.47241 45.2548 7.77816
4.47241 53.8174 9.40444
4.47241 64 11.2683
4.47241 76.1093 13.2081
4.47241 90.5097 15.2324
4.47241 107.635 19.3406
4.47241 128 24.9523
4.47241 152.219 30.8057
4.47241 181.019 51.1813
4.47241 215.269 nan
4.47241 256 nan
4.47241 304.437 nan
4.47241 362.039 nan
4.47241 430.539 nan
4.47241 512 nan
4.47241 608.874 nan
4.47241 724.077 nan
4.47241 861.078 nan
4.47241 1024 nan
4.47241 1217.75 nan
4.47241 1448.15 nan
4.47241 1722.16 nan
4.47241 2048 nan
4.47241 2435.5 nan
4.47241 2896.31 nan
4.47241 3444.31 nan

4.67042 1.18921 2
4.67042 1.41421 2
4.67042 1.68179 512
4.67042 2 2
4.67042 2.37841 1024
4.67042 2.82843 0.5
4.67042 3.36359 0.5
4.67042 4 0.5
4.67042 4.75683 0.5
4.67042 5.65685 0.5
4.67042 6.72717 0.546281
4.67042 8 0.711265
4.67042 9.51366 0.926645
4.67042 11.3137 2.12674
4.67042 13.4543 2.52291
4.67042 16 2.97513
4.67042 19.0273 3.49599
4.67042 22.6274 4.10771
4.67042 26.9087 4.82289
4.67042 32 5.58333
4.67042 38.0546 6.40022
4.67042 45.2548 7.2893
4.67042 53.8174 8.47323
4.67042 64 10.32
4.67042 76.1093 12.2475
4.67042 90.5097 14.249
4.67042 107.635 16.8303
4.67042 128 22.4143
4.67042 152.219 28.4017
4.67042 181.019 41.9133
4.67042 215.269 nan
4.67042 256 nan
4.67042 304.437 nan
4.67042 362.039 nan
4.67042 430.539 nan
4.67042 512 nan
4.67042 608.874 nan
4.67042 724.077 nan
4.67042 861.078 nan
4.67042 1024 nan
4.67042 1217.75 nan
4.67042 1448.15 nan
4.67042 1722.16 nan
4.67042 2048 nan
4.67042 2435.5 nan
4.67042 2896.31 nan
4.67042 3444.31 nan

4.8772 1.18921 2
4.8772 1.41421 2
4.8772 1.68179 512
4.8772 2 0.5
4.8772 2.37841 1024
4.8772 2.82843 0.5
4.8772 3.36359 0.5
4.8772 4 0.5
4.8772 4.75683 0.5
4.8772 5.65685 0.5
4.8772 6.72717 0.550552
4.8772 8 0.7144
4.8772 9.51366 0.927558
4.8772 11.3137 2.06793
4.8772 13.4543 2.43525
4.8772 16 2.84869
4.8772 19.0273 3.31869
4.8772 22.6274 3.8574
4.8772 26.9087 4.52764
4.8772 32 5.25734
4.8772 38.0546 6.03167
4.8772 45.2548 6.86283
4.8772 53.8174 7.76704
4.8772 64 9.39494
4.8772 76.1093 11.3233
4.8772 90.5097 13.3314
4.8772 107.635 15.4162
4.8772 128 20.044
4.8772 152.219 26.0803
4.8772 181.019 33.7306
4.8772 215.269 60.2393
4.8772 256 nan
4.8772 304.437 nan
4.8772 362.039 nan
4.8772 430.539 nan
4.8772 512 nan
4.8772 608.874 nan
4.8772 724.077 nan
4.8772 861.078 nan
4.8772 1024 nan
4.8772 1217.75 nan
4.8772 1448.15 nan
4.8772 1722.16 nan
4.8772 2048 nan
4.8772 2435.5 nan
4.8772 2896.31 nan
4.8772 3444.31 nan

5.09313 1.18921 2
5.09313 1.41421 2
5.09313 1.68179 512
5.09313 2 0.5
5.09313 2.37841 0.5
5.09313 2.82843 0.5
5.09313 3.36359 0.5
5.09313 4 0.5
5.09313 4.75683 0.5
5.09313 5.65685 0.5
5.09313 6.72717 0.554653
5.09313 8 0.7174
5.09313 9.51366 0.928429
5.09313 11.3137 2.0105
5.09313 13.4543 2.3537
5.09313 16 2.73478
5.09313 19.0273 3.16248
5.09313 22.6274 3.64699
5.09313 26.9087 4.2378
5.09313 32 4.94702
5.09313 38.0546 5.6927
5.09313 45.2548 6.48348
5.09313 53.8174 7.33232
5.09313 64 8.49605
5.09313 76.1093 10.4239
5.09313 90.5097 12.4516
5.09313 107.635 14.563
5.09313 128 17.8915
5.09313 152.219 23.8888
5.09313 181.019 30.4078
5.09313 215.269 51.8093
5.09313 256 nan
5.09313 304.437 nan
5.09313 362.039 nan
5.09313 430.539 nan
5.09313 512 nan
5.09313 608.874 nan
5.09313 724.077 nan
5.09313 861.078 nan
5.09313 1024 nan
5.09313 1217.75 nan
5.09313 1448.15 nan
5.09313 1722.16 nan
5.09313 2048 nan
5.09313 2435.5 nan
5.09313 2896.31 nan
5.09313 3444.31 nan

5.31862 1.18921 256
5.31862 1.41421 2
5.31862 1.68179 0.5
5.31862 2 0.5
5.31862 2.37841 0.5
5.31862 2.82843 0.5
5.31862 3.36359 0.5
5.31862 4 0.5
5.31862 4.75683 0.5
5.31862 5.65685 0.5
5.31862 6.72717 0.558581
5.31862 8 0.720264
5.31862 9.51366 0.929258
5.31862 11.3137 1.77635
5.31862 13.4543 2.27691
5.31862 16 2.63115
5.31862 19.0273 3.02373
5.31862 22.6274 3.46334
5.31862 26.9087 3.9598
5.31862 32 4.64459
5.31862 38.0546 5.37267
5.31862 45.2548 6.13772
5.31862 53.8174 6.94938
5.31862 64 7.82135
5.31862 76.1093 9.5528
5.31862 90.5097 11.598
5.31862 107.635 13.748
5.31862 128 15.9918
5.31862 152.219 21.8673
5.31862 181.019 28.4071
5.31862 215.269 44.1837
5.31862 256 nan
5.31862 304.437 nan
5.31862 362.039 nan
5.31862 430.539 nan
5.31862 512 nan
5.31862 608.874 nan
5.31862 724.077 nan
5.31862 861.078 nan
5.31862 1024 nan
5.31862 1217.75 nan
5.31862 1448.15 nan
5.31862 1722.16 nan
5.31862 2048 nan
5.31862 2435.5 nan
5.31862 2896.31 nan
5.31862 3444.31 nan

5.5541 1.18921 256
5.5541 1.41421 0.5
5.5541 1.68179 512
5.5541 2 0.5
5.5541 2.37841 0.5
5.5541 2.82843 0.5
5.5541 3.36359 0.5
5.5541 4 0.5
5.5541 4.75683 0.5
5.5541 5.65685 0.5
5.5541 6.72717 0.562332
5.5541 8 0.722991
5.5541 9.51366 0.930044
5.5541 11.3137 1.59834
5.5541 13.4543 2.20362
5.5541 16 2.53582
5.5541 19.0273 2.89943
5.5541 22.6274 3.30192
5.5541 26.9087 3.75176
5.5541 32 4.34422
5.5541 38.0546 5.06283
5.5541 45.2548 5.81382
5.5541 53.8174 6.60355
5.5541 64 7.44264
5.5541 76.1093 8.72419
5.5541 90.5097 10.7737
5.5541 107.635 12.959
5.5541 128 15.2603
5.5541 152.219 20.0346
5.5541 181.019 26.5222
5.5541 215.269 37.4107
5.5541 256 nan
5.5541 304.437 nan
5.5541 362.039 nan
5.5541 430.539 nan
5.5541 512 nan
5.5541 608.874 nan
5.5541 724.077 nan
5.5541 861.078 nan
5.5541 1024 nan
5.5541 1217.75 nan
5.5541 1448.15 nan
5.5541 1722.16 nan
5.5541 2048 nan
5.5541 2435.5 nan
5.5541 2896.31 nan
5.5541 3444.31 nan

5.8 1.18921 2
5.8 1.41421 0.5
5.8 1.68179 512
5.8 2 0.5
5.8 2.37841 1024
5.8 2.82843 0.5
5.8 3.36359 0.5
5.8 4 0.5
5.8 4.75683 0.5
5.8 5.65685 0.5
5.8 6.72717 0.565903
5.8 8 0.72558
5.8 9.51366 0.930789
5.8 11.3137 1.47938
5.8 13.4543 2.1326
5.8 16 2.44697
5.8 19.0273 2.78696
5.8 22.6274 3.15897
5.8 26.9087 3.57039
5.8 32 4.0424
5.8 38.0546 4.75657
5.8 45.2548 5.50211
5.8 53.8174 6.28207
5.8 64 7.104
5.8 76.1093 7.97941
5.8 90.5097 9.9916
5.8 107.635 12.1978
5.8 128 14.5509
5.8 152.219 18.3885
5.8 181.019 24.7723
5.8 215.269 31.8351
5.8 256 58.7985
5.8 304.437 nan
5.8 362.039 nan
5.8 430.539 nan
5.8 512 nan
5.8 608.874 nan
5.8 724.077 nan
5.8 861.078 nan
5.8 1024 nan
5.8 1217.75 nan
5.8 1448.15 nan
5.8 1722.16 nan
5.8 2048 nan
5.8 2435.5 nan
5.8 2896.31 nan
5.8 3444.31 nan

6.05679 1.18921 2
6.05679 1.41421 0.5
6.05679 1.68179 512
6.05679 2 0.5
6.05679 2.37841 1024
6.05679 2.82843 0.5
6.05679 3.36359 0.5
6.05679 4 0.5
6.05679 4.75683 0.5
6.05679 5.65685 0.5
6.05679 6.72717 0.569295
6.05679 8 0.728031
6.05679 9.51366 0.931492
6.05679 11.3137 1.39508
6.05679 13.4543 2.06263
6.05679 16 2.36285
6.05679 19.0273 2.68392
6.05679 22.6274 3.03123
6.05679 26.9087 3.41124
6.05679 32 3.83121
6.05679 38.0546 4.44984
6.05679 45.2548 5.19529
6.05679 53.8174 5.97441
6.05679 64 6.79172
6.05679 76.1093 7.65592
6.05679 90.5097 9.26654
6.05679 107.635 11.4747
6.05679 128 13.8632
6.05679 152.219 16.9137
6.05679 181.019 23.1608
6.05679 215.269 30.1568
6.05679 256 52.126
6.05679 304.437 nan
6.05679 362.039 nan
6.05679 430.539 nan
6.05679 512 nan
6.05679 608.874 nan
6.05679 724.077 nan
6.05679 861.078 nan
6.05679 1024 nan
6.05679 1217.75 nan
6.05679 1448.15 nan
6.05679 1722.16 nan
6.05679 2048 nan
6.05679 2435.5 nan
6.05679 2896.31 nan
6.05679 3444.31 nan

