# T0 = 3
# mxlib uncomp [dev]: 15c346a9a22d5b28a2224372f9d9f720bd775978
# mxlib comp [dev]: 38139e97f9e4c035fd45e2571fd22f6c821a6b80
# pointingEnv [main]: 3cf5ddfc1a0da1f0a303c92d477776fbd28ce3a2
1 1.18921 32
1 1.41421 32
1 1.68179 32
1 2 32
1 2.37841 8
1 2.82843 8
1 3.36359 8
1 4 128
1 4.75683 128
1 5.65685 64
1 6.72717 32
1 8 256
1 9.51366 16
1 11.3137 nan
1 13.4543 nan
1 16 nan
1 19.0273 nan
1 22.6274 nan
1 26.9087 nan
1 32 nan
1 38.0546 nan
1 45.2548 nan
1 53.8174 nan
1 64 nan
1 76.1093 nan
1 90.5097 nan
1 107.635 nan
1 128 nan
1 152.219 nan
1 181.019 nan
1 215.269 nan
1 256 nan
1 304.437 nan
1 362.039 nan
1 430.539 nan
1 512 nan
1 608.874 nan
1 724.077 nan
1 861.078 nan
1 1024 nan
1 1217.75 nan
1 1448.15 nan
1 1722.16 nan
1 2048 nan
1 2435.5 nan
1 2896.31 nan
1 3444.31 nan

1.1 1.18921 32
1.1 1.41421 32
1.1 1.68179 32
1.1 2 32
1.1 2.37841 8
1.1 2.82843 8
1.1 3.36359 8
1.1 4 128
1.1 4.75683 64
1.1 5.65685 128
1.1 6.72717 256
1.1 8 16
1.1 9.51366 512
1.1 11.3137 nan
1.1 13.4543 nan
1.1 16 nan
1.1 19.0273 nan
1.1 22.6274 nan
1.1 26.9087 nan
1.1 32 nan
1.1 38.0546 nan
1.1 45.2548 nan
1.1 53.8174 nan
1.1 64 nan
1.1 76.1093 nan
1.1 90.5097 nan
1.1 107.635 nan
1.1 128 nan
1.1 152.219 nan
1.1 181.019 nan
1.1 215.269 nan
1.1 256 nan
1.1 304.437 nan
1.1 362.039 nan
1.1 430.539 nan
1.1 512 nan
1.1 608.874 nan
1.1 724.077 nan
1.1 861.078 nan
1.1 1024 nan
1.1 1217.75 nan
1.1 1448.15 nan
1.1 1722.16 nan
1.1 2048 nan
1.1 2435.5 nan
1.1 2896.31 nan
1.1 3444.31 nan

1.2 1.18921 32
1.2 1.41421 32
1.2 1.68179 32
1.2 2 8
1.2 2.37841 8
1.2 2.82843 4
1.2 3.36359 4
1.2 4 128
1.2 4.75683 32
1.2 5.65685 16
1.2 6.72717 16
1.2 8 512
1.2 9.51366 16
1.2 11.3137 nan
1.2 13.4543 nan
1.2 16 nan
1.2 19.0273 nan
1.2 22.6274 nan
1.2 26.9087 nan
1.2 32 nan
1.2 38.0546 nan
1.2 45.2548 nan
1.2 53.8174 nan
1.2 64 nan
1.2 76.1093 nan
1.2 90.5097 nan
1.2 107.635 nan
1.2 128 nan
1.2 152.219 nan
1.2 181.019 nan
1.2 215.269 nan
1.2 256 nan
1.2 304.437 nan
1.2 362.039 nan
1.2 430.539 nan
1.2 512 nan
1.2 608.874 nan
1.2 724.077 nan
1.2 861.078 nan
1.2 1024 nan
1.2 1217.75 nan
1.2 1448.15 nan
1.2 1722.16 nan
1.2 2048 nan
1.2 2435.5 nan
1.2 2896.31 nan
1.2 3444.31 nan

1.3 1.18921 32
1.3 1.41421 32
1.3 1.68179 32
1.3 2 16
1.3 2.37841 16
1.3 2.82843 16
1.3 3.36359 128
1.3 4 32
1.3 4.75683 16
1.3 5.65685 256
1.3 6.72717 16
1.3 8 16
1.3 9.51366 16
1.3 11.3137 118.616
1.3 13.4543 nan
1.3 16 nan
1.3 19.0273 nan
1.3 22.6274 nan
1.3 26.9087 nan
1.3 32 nan
1.3 38.0546 nan
1.3 45.2548 nan
1.3 53.8174 nan
1.3 64 nan
1.3 76.1093 nan
1.3 90.5097 nan
1.3 107.635 nan
1.3 128 nan
1.3 152.219 nan
1.3 181.019 nan
1.3 215.269 nan
1.3 256 nan
1.3 304.437 nan
1.3 362.039 nan
1.3 430.539 nan
1.3 512 nan
1.3 608.874 nan
1.3 724.077 nan
1.3 861.078 nan
1.3 1024 nan
1.3 1217.75 nan
1.3 1448.15 nan
1.3 1722.16 nan
1.3 2048 nan
1.3 2435.5 nan
1.3 2896.31 nan
1.3 3444.31 nan

1.4 1.18921 32
1.4 1.41421 32
1.4 1.68179 16
1.4 2 16
1.4 2.37841 16
1.4 2.82843 128
1.4 3.36359 32
1.4 4 128
1.4 4.75683 16
1.4 5.65685 16
1.4 6.72717 512
1.4 8 16
1.4 9.51366 1024
1.4 11.3137 50.5181
1.4 13.4543 nan
1.4 16 nan
1.4 19.0273 nan
1.4 22.6274 nan
1.4 26.9087 nan
1.4 32 nan
1.4 38.0546 nan
1.4 45.2548 nan
1.4 53.8174 nan
1.4 64 nan
1.4 76.1093 nan
1.4 90.5097 nan
1.4 107.635 nan
1.4 128 nan
1.4 152.219 nan
1.4 181.019 nan
1.4 215.269 nan
1.4 256 nan
1.4 304.437 nan
1.4 362.039 nan
1.4 430.539 nan
1.4 512 nan
1.4 608.874 nan
1.4 724.077 nan
1.4 861.078 nan
1.4 1024 nan
1.4 1217.75 nan
1.4 1448.15 nan
1.4 1722.16 nan
1.4 2048 nan
1.4 2435.5 nan
1.4 2896.31 nan
1.4 3444.31 nan

1.5 1.18921 32
1.5 1.41421 32
1.5 1.68179 16
1.5 2 16
1.5 2.37841 16
1.5 2.82843 64
1.5 3.36359 128
1.5 4 16
1.5 4.75683 256
1.5 5.65685 16
1.5 6.72717 16
1.5 8 16
1.5 9.51366 16
1.5 11.3137 38.0994
1.5 13.4543 nan
1.5 16 nan
1.5 19.0273 nan
1.5 22.6274 nan
1.5 26.9087 nan
1.5 32 nan
1.5 38.0546 nan
1.5 45.2548 nan
1.5 53.8174 nan
1.5 64 nan
1.5 76.1093 nan
1.5 90.5097 nan
1.5 107.635 nan
1.5 128 nan
1.5 152.219 nan
1.5 181.019 nan
1.5 215.269 nan
1.5 256 nan
1.5 304.437 nan
1.5 362.039 nan
1.5 430.539 nan
1.5 512 nan
1.5 608.874 nan
1.5 724.077 nan
1.5 861.078 nan
1.5 1024 nan
1.5 1217.75 nan
1.5 1448.15 nan
1.5 1722.16 nan
1.5 2048 nan
1.5 2435.5 nan
1.5 2896.31 nan
1.5 3444.31 nan

1.6 1.18921 32
1.6 1.41421 32
1.6 1.68179 16
1.6 2 16
1.6 2.37841 128
1.6 2.82843 128
1.6 3.36359 128
1.6 4 16
1.6 4.75683 16
1.6 5.65685 512
1.6 6.72717 16
1.6 8 8
1.6 9.51366 8
1.6 11.3137 30.5335
1.6 13.4543 nan
1.6 16 nan
1.6 19.0273 nan
1.6 22.6274 nan
1.6 26.9087 nan
1.6 32 nan
1.6 38.0546 nan
1.6 45.2548 nan
1.6 53.8174 nan
1.6 64 nan
1.6 76.1093 nan
1.6 90.5097 nan
1.6 107.635 nan
1.6 128 nan
1.6 152.219 nan
1.6 181.019 nan
1.6 215.269 nan
1.6 256 nan
1.6 304.437 nan
1.6 362.039 nan
1.6 430.539 nan
1.6 512 nan
1.6 608.874 nan
1.6 724.077 nan
1.6 861.078 nan
1.6 1024 nan
1.6 1217.75 nan
1.6 1448.15 nan
1.6 1722.16 nan
1.6 2048 nan
1.6 2435.5 nan
1.6 2896.31 nan
1.6 3444.31 nan

1.7 1.18921 32
1.7 1.41421 32
1.7 1.68179 16
1.7 2 128
1.7 2.37841 128
1.7 2.82843 32
1.7 3.36359 128
1.7 4 16
1.7 4.75683 16
1.7 5.65685 512
1.7 6.72717 8
1.7 8 8
1.7 9.51366 8
1.7 11.3137 26.3594
1.7 13.4543 63.6112
1.7 16 nan
1.7 19.0273 nan
1.7 22.6274 nan
1.7 26.9087 nan
1.7 32 nan
1.7 38.0546 nan
1.7 45.2548 nan
1.7 53.8174 nan
1.7 64 nan
1.7 76.1093 nan
1.7 90.5097 nan
1.7 107.635 nan
1.7 128 nan
1.7 152.219 nan
1.7 181.019 nan
1.7 215.269 nan
1.7 256 nan
1.7 304.437 nan
1.7 362.039 nan
1.7 430.539 nan
1.7 512 nan
1.7 608.874 nan
1.7 724.077 nan
1.7 861.078 nan
1.7 1024 nan
1.7 1217.75 nan
1.7 1448.15 nan
1.7 1722.16 nan
1.7 2048 nan
1.7 2435.5 nan
1.7 2896.31 nan
1.7 3444.31 nan

1.8 1.18921 32
1.8 1.41421 16
1.8 1.68179 16
1.8 2 128
1.8 2.37841 64
1.8 2.82843 128
1.8 3.36359 16
1.8 4 256
1.8 4.75683 16
1.8 5.65685 8
1.8 6.72717 8
1.8 8 8
1.8 9.51366 8
1.8 11.3137 23.3473
1.8 13.4543 50.0125
1.8 16 nan
1.8 19.0273 nan
1.8 22.6274 nan
1.8 26.9087 nan
1.8 32 nan
1.8 38.0546 nan
1.8 45.2548 nan
1.8 53.8174 nan
1.8 64 nan
1.8 76.1093 nan
1.8 90.5097 nan
1.8 107.635 nan
1.8 128 nan
1.8 152.219 nan
1.8 181.019 nan
1.8 215.269 nan
1.8 256 nan
1.8 304.437 nan
1.8 362.039 nan
1.8 430.539 nan
1.8 512 nan
1.8 608.874 nan
1.8 724.077 nan
1.8 861.078 nan
1.8 1024 nan
1.8 1217.75 nan
1.8 1448.15 nan
1.8 1722.16 nan
1.8 2048 nan
1.8 2435.5 nan
1.8 2896.31 nan
1.8 3444.31 nan

1.9 1.18921 32
1.9 1.41421 16
1.9 1.68179 128
1.9 2 128
1.9 2.37841 32
1.9 2.82843 128
1.9 3.36359 256
1.9 4 16
1.9 4.75683 4
1.9 5.65685 8
1.9 6.72717 1024
1.9 8 8
1.9 9.51366 8
1.9 11.3137 21.0609
1.9 13.4543 40.3819
1.9 16 nan
1.9 19.0273 nan
1.9 22.6274 nan
1.9 26.9087 nan
1.9 32 nan
1.9 38.0546 nan
1.9 45.2548 nan
1.9 53.8174 nan
1.9 64 nan
1.9 76.1093 nan
1.9 90.5097 nan
1.9 107.635 nan
1.9 128 nan
1.9 152.219 nan
1.9 181.019 nan
1.9 215.269 nan
1.9 256 nan
1.9 304.437 nan
1.9 362.039 nan
1.9 430.539 nan
1.9 512 nan
1.9 608.874 nan
1.9 724.077 nan
1.9 861.078 nan
1.9 1024 nan
1.9 1217.75 nan
1.9 1448.15 nan
1.9 1722.16 nan
1.9 2048 nan
1.9 2435.5 nan
1.9 2896.31 nan
1.9 3444.31 nan

2 1.18921 32
2 1.41421 128
2 1.68179 128
2 2 128
2 2.37841 128
2 2.82843 16
2 3.36359 256
2 4 4
2 4.75683 512
2 5.65685 8
2 6.72717 1024
2 8 8
2 9.51366 2048
2 11.3137 19.251
2 13.4543 33.1267
2 16 63.185
2 19.0273 nan
2 22.6274 nan
2 26.9087 nan
2 32 nan
2 38.0546 nan
2 45.2548 nan
2 53.8174 nan
2 64 nan
2 76.1093 nan
2 90.5097 nan
2 107.635 nan
2 128 nan
2 152.219 nan
2 181.019 nan
2 215.269 nan
2 256 nan
2 304.437 nan
2 362.039 nan
2 430.539 nan
2 512 nan
2 608.874 nan
2 724.077 nan
2 861.078 nan
2 1024 nan
2 1217.75 nan
2 1448.15 nan
2 1722.16 nan
2 2048 nan
2 2435.5 nan
2 2896.31 nan
2 3444.31 nan

2.1 1.18921 128
2.1 1.41421 128
2.1 1.68179 128
2.1 2 128
2.1 2.37841 64
2.1 2.82843 128
2.1 3.36359 4
2.1 4 8
2.1 4.75683 512
2.1 5.65685 8
2.1 6.72717 8
2.1 8 8
2.1 9.51366 8
2.1 11.3137 17.7663
2.1 13.4543 29.0401
2.1 16 52.2775
2.1 19.0273 nan
2.1 22.6274 nan
2.1 26.9087 nan
2.1 32 nan
2.1 38.0546 nan
2.1 45.2548 nan
2.1 53.8174 nan
2.1 64 nan
2.1 76.1093 nan
2.1 90.5097 nan
2.1 107.635 nan
2.1 128 nan
2.1 152.219 nan
2.1 181.019 nan
2.1 215.269 nan
2.1 256 nan
2.1 304.437 nan
2.1 362.039 nan
2.1 430.539 nan
2.1 512 nan
2.1 608.874 nan
2.1 724.077 nan
2.1 861.078 nan
2.1 1024 nan
2.1 1217.75 nan
2.1 1448.15 nan
2.1 1722.16 nan
2.1 2048 nan
2.1 2435.5 nan
2.1 2896.31 nan
2.1 3444.31 nan

2.2 1.18921 128
2.2 1.41421 128
2.2 1.68179 128
2.2 2 64
2.2 2.37841 128
2.2 2.82843 256
2.2 3.36359 256
2.2 4 8
2.2 4.75683 8
2.2 5.65685 8
2.2 6.72717 8
2.2 8 8
2.2 9.51366 8
2.2 11.3137 16.51
2.2 13.4543 26.1638
2.2 16 43.7792
2.2 19.0273 105.012
2.2 22.6274 nan
2.2 26.9087 nan
2.2 32 nan
2.2 38.0546 nan
2.2 45.2548 nan
2.2 53.8174 nan
2.2 64 nan
2.2 76.1093 nan
2.2 90.5097 nan
2.2 107.635 nan
2.2 128 nan
2.2 152.219 nan
2.2 181.019 nan
2.2 215.269 nan
2.2 256 nan
2.2 304.437 nan
2.2 362.039 nan
2.2 430.539 nan
2.2 512 nan
2.2 608.874 nan
2.2 724.077 nan
2.2 861.078 nan
2.2 1024 nan
2.2 1217.75 nan
2.2 1448.15 nan
2.2 1722.16 nan
2.2 2048 nan
2.2 2435.5 nan
2.2 2896.31 nan
2.2 3444.31 nan

2.3 1.18921 128
2.3 1.41421 128
2.3 1.68179 128
2.3 2 32
2.3 2.37841 128
2.3 2.82843 256
2.3 3.36359 256
2.3 4 8
2.3 4.75683 8
2.3 5.65685 8
2.3 6.72717 8
2.3 8 8
2.3 9.51366 8
2.3 11.3137 14.9764
2.3 13.4543 23.8556
2.3 16 36.8767
2.3 19.0273 60.7461
2.3 22.6274 nan
2.3 26.9087 nan
2.3 32 nan
2.3 38.0546 nan
2.3 45.2548 nan
2.3 53.8174 nan
2.3 64 nan
2.3 76.1093 nan
2.3 90.5097 nan
2.3 107.635 nan
2.3 128 nan
2.3 152.219 nan
2.3 181.019 nan
2.3 215.269 nan
2.3 256 nan
2.3 304.437 nan
2.3 362.039 nan
2.3 430.539 nan
2.3 512 nan
2.3 608.874 nan
2.3 724.077 nan
2.3 861.078 nan
2.3 1024 nan
2.3 1217.75 nan
2.3 1448.15 nan
2.3 1722.16 nan
2.3 2048 nan
2.3 2435.5 nan
2.3 2896.31 nan
2.3 3444.31 nan

2.4 1.18921 128
2.4 1.41421 128
2.4 1.68179 128
2.4 2 128
2.4 2.37841 128
2.4 2.82843 256
2.4 3.36359 8
2.4 4 8
2.4 4.75683 8
2.4 5.65685 8
2.4 6.72717 8
2.4 8 2048
2.4 9.51366 8
2.4 11.3137 13.6099
2.4 13.4543 21.9496
2.4 16 31.4748
2.4 19.0273 52.0955
2.4 22.6274 nan
2.4 26.9087 nan
2.4 32 nan
2.4 38.0546 nan
2.4 45.2548 nan
2.4 53.8174 nan
2.4 64 nan
2.4 76.1093 nan
2.4 90.5097 nan
2.4 107.635 nan
2.4 128 nan
2.4 152.219 nan
2.4 181.019 nan
2.4 215.269 nan
2.4 256 nan
2.4 304.437 nan
2.4 362.039 nan
2.4 430.539 nan
2.4 512 nan
2.4 608.874 nan
2.4 724.077 nan
2.4 861.078 nan
2.4 1024 nan
2.4 1217.75 nan
2.4 1448.15 nan
2.4 1722.16 nan
2.4 2048 nan
2.4 2435.5 nan
2.4 2896.31 nan
2.4 3444.31 nan

2.5 1.18921 128
2.5 1.41421 128
2.5 1.68179 128
2.5 2 32
2.5 2.37841 128
2.5 2.82843 256
2.5 3.36359 8
2.5 4 8
2.5 4.75683 8
2.5 5.65685 8
2.5 6.72717 8
2.5 8 2048
2.5 9.51366 8.11869
2.5 11.3137 13.3384
2.5 13.4543 20.335
2.5 16 28.7254
2.5 19.0273 44.8491
2.5 22.6274 84.2609
2.5 26.9087 nan
2.5 32 nan
2.5 38.0546 nan
2.5 45.2548 nan
2.5 53.8174 nan
2.5 64 nan
2.5 76.1093 nan
2.5 90.5097 nan
2.5 107.635 nan
2.5 128 nan
2.5 152.219 nan
2.5 181.019 nan
2.5 215.269 nan
2.5 256 nan
2.5 304.437 nan
2.5 362.039 nan
2.5 430.539 nan
2.5 512 nan
2.5 608.874 nan
2.5 724.077 nan
2.5 861.078 nan
2.5 1024 nan
2.5 1217.75 nan
2.5 1448.15 nan
2.5 1722.16 nan
2.5 2048 nan
2.5 2435.5 nan
2.5 2896.31 nan
2.5 3444.31 nan

2.6 1.18921 128
2.6 1.41421 128
2.6 1.68179 128
2.6 2 128
2.6 2.37841 128
2.6 2.82843 256
2.6 3.36359 4
2.6 4 8
2.6 4.75683 8
2.6 5.65685 1024
2.6 6.72717 8
2.6 8 8
2.6 9.51366 8.02045
2.6 11.3137 12.6359
2.6 13.4543 18.9353
2.6 16 26.4496
2.6 19.0273 38.6035
2.6 22.6274 58.8145
2.6 26.9087 nan
2.6 32 nan
2.6 38.0546 nan
2.6 45.2548 nan
2.6 53.8174 nan
2.6 64 nan
2.6 76.1093 nan
2.6 90.5097 nan
2.6 107.635 nan
2.6 128 nan
2.6 152.219 nan
2.6 181.019 nan
2.6 215.269 nan
2.6 256 nan
2.6 304.437 nan
2.6 362.039 nan
2.6 430.539 nan
2.6 512 nan
2.6 608.874 nan
2.6 724.077 nan
2.6 861.078 nan
2.6 1024 nan
2.6 1217.75 nan
2.6 1448.15 nan
2.6 1722.16 nan
2.6 2048 nan
2.6 2435.5 nan
2.6 2896.31 nan
2.6 3444.31 nan

2.7 1.18921 128
2.7 1.41421 128
2.7 1.68179 128
2.7 2 64
2.7 2.37841 128
2.7 2.82843 256
2.7 3.36359 8
2.7 4 512
2.7 4.75683 8
2.7 5.65685 1024
2.7 6.72717 8
2.7 8 8
2.7 9.51366 8
2.7 11.3137 12.0484
2.7 13.4543 17.6964
2.7 16 24.5233
2.7 19.0273 33.102
2.7 22.6274 51.6962
2.7 26.9087 nan
2.7 32 nan
2.7 38.0546 nan
2.7 45.2548 nan
2.7 53.8174 nan
2.7 64 nan
2.7 76.1093 nan
2.7 90.5097 nan
2.7 107.635 nan
2.7 128 nan
2.7 152.219 nan
2.7 181.019 nan
2.7 215.269 nan
2.7 256 nan
2.7 304.437 nan
2.7 362.039 nan
2.7 430.539 nan
2.7 512 nan
2.7 608.874 nan
2.7 724.077 nan
2.7 861.078 nan
2.7 1024 nan
2.7 1217.75 nan
2.7 1448.15 nan
2.7 1722.16 nan
2.7 2048 nan
2.7 2435.5 nan
2.7 2896.31 nan
2.7 3444.31 nan

2.8 1.18921 128
2.8 1.41421 128
2.8 1.68179 128
2.8 2 64
2.8 2.37841 128
2.8 2.82843 256
2.8 3.36359 4
2.8 4 512
2.8 4.75683 8
2.8 5.65685 8
2.8 6.72717 8
2.8 8 8
2.8 9.51366 8
2.8 11.3137 11.5478
2.8 13.4543 16.5795
2.8 16 22.859
2.8 19.0273 30.1228
2.8 22.6274 45.4065
2.8 26.9087 69.2868
2.8 32 nan
2.8 38.0546 nan
2.8 45.2548 nan
2.8 53.8174 nan
2.8 64 nan
2.8 76.1093 nan
2.8 90.5097 nan
2.8 107.635 nan
2.8 128 nan
2.8 152.219 nan
2.8 181.019 nan
2.8 215.269 nan
2.8 256 nan
2.8 304.437 nan
2.8 362.039 nan
2.8 430.539 nan
2.8 512 nan
2.8 608.874 nan
2.8 724.077 nan
2.8 861.078 nan
2.8 1024 nan
2.8 1217.75 nan
2.8 1448.15 nan
2.8 1722.16 nan
2.8 2048 nan
2.8 2435.5 nan
2.8 2896.31 nan
2.8 3444.31 nan

2.9 1.18921 128
2.9 1.41421 128
2.9 1.68179 128
2.9 2 128
2.9 2.37841 256
2.9 2.82843 256
2.9 3.36359 8
2.9 4 8
2.9 4.75683 8
2.9 5.65685 8
2.9 6.72717 8
2.9 8 8
2.9 9.51366 8
2.9 11.3137 11.1141
2.9 13.4543 15.5806
2.9 16 21.3937
2.9 19.0273 28.0481
2.9 22.6274 39.741
2.9 26.9087 57.8803
2.9 32 nan
2.9 38.0546 nan
2.9 45.2548 nan
2.9 53.8174 nan
2.9 64 nan
2.9 76.1093 nan
2.9 90.5097 nan
2.9 107.635 nan
2.9 128 nan
2.9 152.219 nan
2.9 181.019 nan
2.9 215.269 nan
2.9 256 nan
2.9 304.437 nan
2.9 362.039 nan
2.9 430.539 nan
2.9 512 nan
2.9 608.874 nan
2.9 724.077 nan
2.9 861.078 nan
2.9 1024 nan
2.9 1217.75 nan
2.9 1448.15 nan
2.9 1722.16 nan
2.9 2048 nan
2.9 2435.5 nan
2.9 2896.31 nan
2.9 3444.31 nan

3.02839 1.18921 128
3.02839 1.41421 128
3.02839 1.68179 32
3.02839 2 128
3.02839 2.37841 256
3.02839 2.82843 256
3.02839 3.36359 8
3.02839 4 512
3.02839 4.75683 8
3.02839 5.65685 8
3.02839 6.72717 8
3.02839 8 8
3.02839 9.51366 8
3.02839 11.3137 10.633
3.02839 13.4543 14.5324
3.02839 16 19.731
3.02839 19.0273 25.7798
3.02839 22.6274 33.1777
3.02839 26.9087 50.1664
3.02839 32 119.41
3.02839 38.0546 nan
3.02839 45.2548 nan
3.02839 53.8174 nan
3.02839 64 nan
3.02839 76.1093 nan
3.02839 90.5097 nan
3.02839 107.635 nan
3.02839 128 nan
3.02839 152.219 nan
3.02839 181.019 nan
3.02839 215.269 nan
3.02839 256 nan
3.02839 304.437 nan
3.02839 362.039 nan
3.02839 430.539 nan
3.02839 512 nan
3.02839 608.874 nan
3.02839 724.077 nan
3.02839 861.078 nan
3.02839 1024 nan
3.02839 1217.75 nan
3.02839 1448.15 nan
3.02839 1722.16 nan
3.02839 2048 nan
3.02839 2435.5 nan
3.02839 2896.31 nan
3.02839 3444.31 nan

3.16247 1.18921 128
3.16247 1.41421 128
3.16247 1.68179 128
3.16247 2 128
3.16247 2.37841 256
3.16247 2.82843 256
3.16247 3.36359 8
3.16247 4 8
3.16247 4.75683 8
3.16247 5.65685 8
3.16247 6.72717 8
3.16247 8 8
3.16247 9.51366 8
3.16247 11.3137 10.2001
3.16247 13.4543 13.6416
3.16247 16 18.1881
3.16247 19.0273 23.7589
3.16247 22.6274 29.8665
3.16247 26.9087 42.9195
3.16247 32 60.1894
3.16247 38.0546 nan
3.16247 45.2548 nan
3.16247 53.8174 nan
3.16247 64 nan
3.16247 76.1093 nan
3.16247 90.5097 nan
3.16247 107.635 nan
3.16247 128 nan
3.16247 152.219 nan
3.16247 181.019 nan
3.16247 215.269 nan
3.16247 256 nan
3.16247 304.437 nan
3.16247 362.039 nan
3.16247 430.539 nan
3.16247 512 nan
3.16247 608.874 nan
3.16247 724.077 nan
3.16247 861.078 nan
3.16247 1024 nan
3.16247 1217.75 nan
3.16247 1448.15 nan
3.16247 1722.16 nan
3.16247 2048 nan
3.16247 2435.5 nan
3.16247 2896.31 nan
3.16247 3444.31 nan

3.30249 1.18921 128
3.30249 1.41421 128
3.30249 1.68179 16
3.30249 2 128
3.30249 2.37841 256
3.30249 2.82843 256
3.30249 3.36359 8
3.30249 4 8
3.30249 4.75683 8
3.30249 5.65685 8
3.30249 6.72717 8
3.30249 8 8
3.30249 9.51366 4
3.30249 11.3137 9.80529
3.30249 13.4543 12.8738
3.30249 16 16.7289
3.30249 19.0273 21.9202
3.30249 22.6274 27.5359
3.30249 26.9087 36.0181
3.30249 32 52.6253
3.30249 38.0546 nan
3.30249 45.2548 nan
3.30249 53.8174 nan
3.30249 64 nan
3.30249 76.1093 nan
3.30249 90.5097 nan
3.30249 107.635 nan
3.30249 128 nan
3.30249 152.219 nan
3.30249 181.019 nan
3.30249 215.269 nan
3.30249 256 nan
3.30249 304.437 nan
3.30249 362.039 nan
3.30249 430.539 nan
3.30249 512 nan
3.30249 608.874 nan
3.30249 724.077 nan
3.30249 861.078 nan
3.30249 1024 nan
3.30249 1217.75 nan
3.30249 1448.15 nan
3.30249 1722.16 nan
3.30249 2048 nan
3.30249 2435.5 nan
3.30249 2896.31 nan
3.30249 3444.31 nan

3.4487 1.18921 128
3.4487 1.41421 128
3.4487 1.68179 64
3.4487 2 128
3.4487 2.37841 256
3.4487 2.82843 256
3.4487 3.36359 8
3.4487 4 8
3.4487 4.75683 8
3.4487 5.65685 4
3.4487 6.72717 2048
3.4487 8 4
3.4487 9.51366 4
3.4487 11.3137 9.44038
3.4487 13.4543 12.2031
3.4487 16 15.4809
3.4487 19.0273 20.2114
3.4487 22.6274 25.4489
3.4487 26.9087 31.0178
3.4487 32 45.3322
3.4487 38.0546 62.1519
3.4487 45.2548 nan
3.4487 53.8174 nan
3.4487 64 nan
3.4487 76.1093 nan
3.4487 90.5097 nan
3.4487 107.635 nan
3.4487 128 nan
3.4487 152.219 nan
3.4487 181.019 nan
3.4487 215.269 nan
3.4487 256 nan
3.4487 304.437 nan
3.4487 362.039 nan
3.4487 430.539 nan
3.4487 512 nan
3.4487 608.874 nan
3.4487 724.077 nan
3.4487 861.078 nan
3.4487 1024 nan
3.4487 1217.75 nan
3.4487 1448.15 nan
3.4487 1722.16 nan
3.4487 2048 nan
3.4487 2435.5 nan
3.4487 2896.31 nan
3.4487 3444.31 nan

3.60139 1.18921 128
3.60139 1.41421 128
3.60139 1.68179 64
3.60139 2 128
3.60139 2.37841 256
3.60139 2.82843 8
3.60139 3.36359 8
3.60139 4 8
3.60139 4.75683 1024
3.60139 5.65685 4
3.60139 6.72717 2048
3.60139 8 4
3.60139 9.51366 4
3.60139 11.3137 9.09853
3.60139 13.4543 11.6094
3.60139 16 14.5254
3.60139 19.0273 18.5911
3.60139 22.6274 23.5378
3.60139 26.9087 28.7352
3.60139 32 38.2334
3.60139 38.0546 54.8195
3.60139 45.2548 nan
3.60139 53.8174 nan
3.60139 64 nan
3.60139 76.1093 nan
3.60139 90.5097 nan
3.60139 107.635 nan
3.60139 128 nan
3.60139 152.219 nan
3.60139 181.019 nan
3.60139 215.269 nan
3.60139 256 nan
3.60139 304.437 nan
3.60139 362.039 nan
3.60139 430.539 nan
3.60139 512 nan
3.60139 608.874 nan
3.60139 724.077 nan
3.60139 861.078 nan
3.60139 1024 nan
3.60139 1217.75 nan
3.60139 1448.15 nan
3.60139 1722.16 nan
3.60139 2048 nan
3.60139 2435.5 nan
3.60139 2896.31 nan
3.60139 3444.31 nan

3.76083 1.18921 128
3.76083 1.41421 128
3.76083 1.68179 64
3.76083 2 128
3.76083 2.37841 256
3.76083 2.82843 8
3.76083 3.36359 512
3.76083 4 4
3.76083 4.75683 1024
3.76083 5.65685 4
3.76083 6.72717 4
3.76083 8 4
3.76083 9.51366 4
3.76083 11.3137 8.77385
3.76083 13.4543 11.0768
3.76083 16 13.6988
3.76083 19.0273 17.0273
3.76083 22.6274 21.7479
3.76083 26.9087 26.6723
3.76083 32 31.7791
3.76083 38.0546 47.5693
3.76083 45.2548 nan
3.76083 53.8174 nan
3.76083 64 nan
3.76083 76.1093 nan
3.76083 90.5097 nan
3.76083 107.635 nan
3.76083 128 nan
3.76083 152.219 nan
3.76083 181.019 nan
3.76083 215.269 nan
3.76083 256 nan
3.76083 304.437 nan
3.76083 362.039 nan
3.76083 430.539 nan
3.76083 512 nan
3.76083 608.874 nan
3.76083 724.077 nan
3.76083 861.078 nan
3.76083 1024 nan
3.76083 1217.75 nan
3.76083 1448.15 nan
3.76083 1722.16 nan
3.76083 2048 nan
3.76083 2435.5 nan
3.76083 2896.31 nan
3.76083 3444.31 nan

3.92734 1.18921 128
3.92734 1.41421 128
3.92734 1.68179 64
3.92734 2 128
3.92734 2.37841 256
3.92734 2.82843 8
3.92734 3.36359 512
3.92734 4 4
3.92734 4.75683 1024
3.92734 5.65685 4
3.92734 6.72717 2048
3.92734 8 4
3.92734 9.51366 4
3.92734 11.3137 8.4611
3.92734 13.4543 10.5925
3.92734 16 12.9749
3.92734 19.0273 15.6702
3.92734 22.6274 20.036
3.92734 26.9087 24.7624
3.92734 32 29.6157
3.92734 38.0546 40.3765
3.92734 45.2548 57.4415
3.92734 53.8174 nan
3.92734 64 nan
3.92734 76.1093 nan
3.92734 90.5097 nan
3.92734 107.635 nan
3.92734 128 nan
3.92734 152.219 nan
3.92734 181.019 nan
3.92734 215.269 nan
3.92734 256 nan
3.92734 304.437 nan
3.92734 362.039 nan
3.92734 430.539 nan
3.92734 512 nan
3.92734 608.874 nan
3.92734 724.077 nan
3.92734 861.078 nan
3.92734 1024 nan
3.92734 1217.75 nan
3.92734 1448.15 nan
3.92734 1722.16 nan
3.92734 2048 nan
3.92734 2435.5 nan
3.92734 2896.31 nan
3.92734 3444.31 nan

4.10122 1.18921 128
4.10122 1.41421 128
4.10122 1.68179 64
4.10122 2 128
4.10122 2.37841 256
4.10122 2.82843 8
4.10122 3.36359 512
4.10122 4 4
4.10122 4.75683 1024
4.10122 5.65685 4
4.10122 6.72717 2048
4.10122 8 4
4.10122 9.51366 4
4.10122 11.3137 8.15557
4.10122 13.4543 10.1456
4.10122 16 12.3329
4.10122 19.0273 14.7633
4.10122 22.6274 18.3697
4.10122 26.9087 22.9518
4.10122 32 27.6356
4.10122 38.0546 33.3171
4.10122 45.2548 50.3197
4.10122 53.8174 nan
4.10122 64 nan
4.10122 76.1093 nan
4.10122 90.5097 nan
4.10122 107.635 nan
4.10122 128 nan
4.10122 152.219 nan
4.10122 181.019 nan
4.10122 215.269 nan
4.10122 256 nan
4.10122 304.437 nan
4.10122 362.039 nan
4.10122 430.539 nan
4.10122 512 nan
4.10122 608.874 nan
4.10122 724.077 nan
4.10122 861.078 nan
4.10122 1024 nan
4.10122 1217.75 nan
4.10122 1448.15 nan
4.10122 1722.16 nan
4.10122 2048 nan
4.10122 2435.5 nan
4.10122 2896.31 nan
4.10122 3444.31 nan

4.2828 1.18921 128
4.2828 1.41421 128
4.2828 1.68179 128
4.2828 2 128
4.2828 2.37841 8
4.2828 2.82843 4
4.2828 3.36359 512
4.2828 4 4
4.2828 4.75683 1024
4.2828 5.65685 4
4.2828 6.72717 4
4.2828 8 4
4.2828 9.51366 4
4.2828 11.3137 7.46938
4.2828 13.4543 9.72685
4.2828 16 11.7557
4.2828 19.0273 13.9723
4.2828 22.6274 16.7271
4.2828 26.9087 21.1989
4.2828 32 25.7757
4.2828 38.0546 30.3942
4.2828 45.2548 43.1503
4.2828 53.8174 61.3126
4.2828 64 nan
4.2828 76.1093 nan
4.2828 90.5097 nan
4.2828 107.635 nan
4.2828 128 nan
4.2828 152.219 nan
4.2828 181.019 nan
4.2828 215.269 nan
4.2828 256 nan
4.2828 304.437 nan
4.2828 362.039 nan
4.2828 430.539 nan
4.2828 512 nan
4.2828 608.874 nan
4.2828 724.077 nan
4.2828 861.078 nan
4.2828 1024 nan
4.2828 1217.75 nan
4.2828 1448.15 nan
4.2828 1722.16 nan
4.2828 2048 nan
4.2828 2435.5 nan
4.2828 2896.31 nan
4.2828 3444.31 nan

4.47241 1.18921 128
4.47241 1.41421 128
4.47241 1.68179 128
4.47241 2 128
4.47241 2.37841 8
4.47241 2.82843 4
4.47241 3.36359 4
4.47241 4 4
4.47241 4.75683 1024
4.47241 5.65685 4
4.47241 6.72717 4
4.47241 8 4
4.47241 9.51366 4
4.47241 11.3137 6.68676
4.47241 13.4543 9.32807
4.47241 16 11.2291
4.47241 19.0273 13.2738
4.47241 22.6274 15.5026
4.47241 26.9087 19.4739
4.47241 32 23.986
4.47241 38.0546 28.534
4.47241 45.2548 36.0634
4.47241 53.8174 54.4482
4.47241 64 nan
4.47241 76.1093 nan
4.47241 90.5097 nan
4.47241 107.635 nan
4.47241 128 nan
4.47241 152.219 nan
4.47241 181.019 nan
4.47241 215.269 nan
4.47241 256 nan
4.47241 304.437 nan
4.47241 362.039 nan
4.47241 430.539 nan
4.47241 512 nan
4.47241 608.874 nan
4.47241 724.077 nan
4.47241 861.078 nan
4.47241 1024 nan
4.47241 1217.75 nan
4.47241 1448.15 nan
4.47241 1722.16 nan
4.47241 2048 nan
4.47241 2435.5 nan
4.47241 2896.31 nan
4.47241 3444.31 nan

4.67042 1.18921 128
4.67042 1.41421 128
4.67042 1.68179 128
4.67042 2 8
4.67042 2.37841 8
4.67042 2.82843 4
4.67042 3.36359 512
4.67042 4 4
4.67042 4.75683 1024
4.67042 5.65685 4
4.67042 6.72717 4
4.67042 8 4
4.67042 9.51366 4
4.67042 11.3137 6.16016
4.67042 13.4543 8.94212
4.67042 16 10.7407
4.67042 19.0273 12.6485
4.67042 22.6274 14.6954
4.67042 26.9087 17.7595
4.67042 32 22.2292
4.67042 38.0546 26.757
4.67042 45.2548 31.2727
4.67042 53.8174 47.4661
4.67042 64 nan
4.67042 76.1093 nan
4.67042 90.5097 nan
4.67042 107.635 nan
4.67042 128 nan
4.67042 152.219 nan
4.67042 181.019 nan
4.67042 215.269 nan
4.67042 256 nan
4.67042 304.437 nan
4.67042 362.039 nan
4.67042 430.539 nan
4.67042 512 nan
4.67042 608.874 nan
4.67042 724.077 nan
4.67042 861.078 nan
4.67042 1024 nan
4.67042 1217.75 nan
4.67042 1448.15 nan
4.67042 1722.16 nan
4.67042 2048 nan
4.67042 2435.5 nan
4.67042 2896.31 nan
4.67042 3444.31 nan

4.8772 1.18921 128
4.8772 1.41421 16
4.8772 1.68179 128
4.8772 2 8
4.8772 2.37841 256
4.8772 2.82843 4
4.8772 3.36359 4
4.8772 4 4
4.8772 4.75683 4
4.8772 5.65685 4
4.8772 6.72717 4
4.8772 8 4
4.8772 9.51366 4
4.8772 11.3137 5.78586
4.8772 13.4543 8.56264
4.8772 16 10.28
4.8772 19.0273 12.0802
4.8772 22.6274 13.9836
4.8772 26.9087 16.0516
4.8772 32 20.4817
4.8772 38.0546 25.0195
4.8772 45.2548 29.5585
4.8772 53.8174 40.5344
4.8772 64 61.0134
4.8772 76.1093 nan
4.8772 90.5097 nan
4.8772 107.635 nan
4.8772 128 nan
4.8772 152.219 nan
4.8772 181.019 nan
4.8772 215.269 nan
4.8772 256 nan
4.8772 304.437 nan
4.8772 362.039 nan
4.8772 430.539 nan
4.8772 512 nan
4.8772 608.874 nan
4.8772 724.077 nan
4.8772 861.078 nan
4.8772 1024 nan
4.8772 1217.75 nan
4.8772 1448.15 nan
4.8772 1722.16 nan
4.8772 2048 nan
4.8772 2435.5 nan
4.8772 2896.31 nan
4.8772 3444.31 nan

5.09313 1.18921 128
5.09313 1.41421 64
5.09313 1.68179 128
5.09313 2 8
5.09313 2.37841 256
5.09313 2.82843 4
5.09313 3.36359 512
5.09313 4 4
5.09313 4.75683 4
5.09313 5.65685 4
5.09313 6.72717 4
5.09313 8 4
5.09313 9.51366 4
5.09313 11.3137 5.50888
5.09313 13.4543 8.18407
5.09313 16 9.83777
5.09313 19.0273 11.5546
5.09313 22.6274 13.3468
5.09313 26.9087 15.2409
5.09313 32 18.7343
5.09313 38.0546 23.2918
5.09313 45.2548 27.892
5.09313 53.8174 33.867
5.09313 64 54.4136
5.09313 76.1093 nan
5.09313 90.5097 nan
5.09313 107.635 nan
5.09313 128 nan
5.09313 152.219 nan
5.09313 181.019 nan
5.09313 215.269 nan
5.09313 256 nan
5.09313 304.437 nan
5.09313 362.039 nan
5.09313 430.539 nan
5.09313 512 nan
5.09313 608.874 nan
5.09313 724.077 nan
5.09313 861.078 nan
5.09313 1024 nan
5.09313 1217.75 nan
5.09313 1448.15 nan
5.09313 1722.16 nan
5.09313 2048 nan
5.09313 2435.5 nan
5.09313 2896.31 nan
5.09313 3444.31 nan

5.31862 1.18921 128
5.31862 1.41421 128
5.31862 1.68179 128
5.31862 2 8
5.31862 2.37841 256
5.31862 2.82843 4
5.31862 3.36359 4
5.31862 4 4
5.31862 4.75683 4
5.31862 5.65685 4
5.31862 6.72717 4
5.31862 8 4
5.31862 9.51366 2
5.31862 11.3137 5.29758
5.31862 13.4543 7.65123
5.31862 16 9.40575
5.31862 19.0273 11.0596
5.31862 22.6274 12.7676
5.31862 26.9087 14.5487
5.31862 32 16.9925
5.31862 38.0546 21.5598
5.31862 45.2548 26.2382
5.31862 53.8174 30.9123
5.31862 64 47.8241
5.31862 76.1093 nan
5.31862 90.5097 nan
5.31862 107.635 nan
5.31862 128 nan
5.31862 152.219 nan
5.31862 181.019 nan
5.31862 215.269 nan
5.31862 256 nan
5.31862 304.437 nan
5.31862 362.039 nan
5.31862 430.539 nan
5.31862 512 nan
5.31862 608.874 nan
5.31862 724.077 nan
5.31862 861.078 nan
5.31862 1024 nan
5.31862 1217.75 nan
5.31862 1448.15 nan
5.31862 1722.16 nan
5.31862 2048 nan
5.31862 2435.5 nan
5.31862 2896.31 nan
5.31862 3444.31 nan

5.5541 1.18921 128
5.5541 1.41421 64
5.5541 1.68179 8
5.5541 2 4
5.5541 2.37841 4
5.5541 2.82843 4
5.5541 3.36359 4
5.5541 4 2
5.5541 4.75683 2
5.5541 5.65685 2
5.5541 6.72717 2
5.5541 8 2
5.5541 9.51366 2
5.5541 11.3137 5.13254
5.5541 13.4543 7.10663
5.5541 16 8.97682
5.5541 19.0273 10.5842
5.5541 22.6274 12.2308
5.5541 26.9087 13.9282
5.5541 32 15.7
5.5541 38.0546 19.8252
5.5541 45.2548 24.5782
5.5541 53.8174 29.3879
5.5541 64 41.4421
5.5541 76.1093 nan
5.5541 90.5097 nan
5.5541 107.635 nan
5.5541 128 nan
5.5541 152.219 nan
5.5541 181.019 nan
5.5541 215.269 nan
5.5541 256 nan
5.5541 304.437 nan
5.5541 362.039 nan
5.5541 430.539 nan
5.5541 512 nan
5.5541 608.874 nan
5.5541 724.077 nan
5.5541 861.078 nan
5.5541 1024 nan
5.5541 1217.75 nan
5.5541 1448.15 nan
5.5541 1722.16 nan
5.5541 2048 nan
5.5541 2435.5 nan
5.5541 2896.31 nan
5.5541 3444.31 nan

5.8 1.18921 128
5.8 1.41421 64
5.8 1.68179 128
5.8 2 4
5.8 2.37841 256
5.8 2.82843 4
5.8 3.36359 2
5.8 4 2
5.8 4.75683 2
5.8 5.65685 2048
5.8 6.72717 4
5.8 8 4
5.8 9.51366 4
5.8 11.3137 5.00121
5.8 13.4543 6.68856
5.8 16 8.54488
5.8 19.0273 10.119
5.8 22.6274 11.7229
5.8 26.9087 13.3614
5.8 32 15.0515
5.8 38.0546 18.104
5.8 45.2548 22.9094
5.8 53.8174 27.8573
5.8 64 35.4419
5.8 76.1093 58.8851
5.8 90.5097 nan
5.8 107.635 nan
5.8 128 nan
5.8 152.219 nan
5.8 181.019 nan
5.8 215.269 nan
5.8 256 nan
5.8 304.437 nan
5.8 362.039 nan
5.8 430.539 nan
5.8 512 nan
5.8 608.874 nan
5.8 724.077 nan
5.8 861.078 nan
5.8 1024 nan
5.8 1217.75 nan
5.8 1448.15 nan
5.8 1722.16 nan
5.8 2048 nan
5.8 2435.5 nan
5.8 2896.31 nan
5.8 3444.31 nan

6.05679 1.18921 128
6.05679 1.41421 128
6.05679 1.68179 128
6.05679 2 2
6.05679 2.37841 256
6.05679 2.82843 2
6.05679 3.36359 2
6.05679 4 4
6.05679 4.75683 4
6.05679 5.65685 2048
6.05679 6.72717 4
6.05679 8 4
6.05679 9.51366 4
6.05679 11.3137 4.89514
6.05679 13.4543 6.36071
6.05679 16 8.10501
6.05679 19.0273 9.65558
6.05679 22.6274 11.2319
6.05679 26.9087 12.8322
6.05679 32 14.4671
6.05679 38.0546 16.4223
6.05679 45.2548 21.2445
6.05679 53.8174 26.3131
6.05679 64 31.4802
6.05679 76.1093 52.8711
6.05679 90.5097 nan
6.05679 107.635 nan
6.05679 128 nan
6.05679 152.219 nan
6.05679 181.019 nan
6.05679 215.269 nan
6.05679 256 nan
6.05679 304.437 nan
6.05679 362.039 nan
6.05679 430.539 nan
6.05679 512 nan
6.05679 608.874 nan
6.05679 724.077 nan
6.05679 861.078 nan
6.05679 1024 nan
6.05679 1217.75 nan
6.05679 1448.15 nan
6.05679 1722.16 nan
6.05679 2048 nan
6.05679 2435.5 nan
6.05679 2896.31 nan
6.05679 3444.31 nan

