# T0 = 30
# mxlib uncomp [dev]: 15c346a9a22d5b28a2224372f9d9f720bd775978
# mxlib comp [dev]: 38139e97f9e4c035fd45e2571fd22f6c821a6b80
# pointingEnv [main]: 3cf5ddfc1a0da1f0a303c92d477776fbd28ce3a2
1 1.18921 32
1 1.41421 64
1 1.68179 1
1 2 2
1 2.37841 1
1 2.82843 1
1 3.36359 1
1 4 2
1 4.75683 2
1 5.65685 2
1 6.72717 2
1 8 2
1 9.51366 2
1 11.3137 12.9698
1 13.4543 nan
1 16 nan
1 19.0273 nan
1 22.6274 nan
1 26.9087 nan
1 32 nan
1 38.0546 nan
1 45.2548 nan
1 53.8174 nan
1 64 nan
1 76.1093 nan
1 90.5097 nan
1 107.635 nan
1 128 nan
1 152.219 nan
1 181.019 nan
1 215.269 nan
1 256 nan
1 304.437 nan
1 362.039 nan
1 430.539 nan
1 512 nan
1 608.874 nan
1 724.077 nan
1 861.078 nan
1 1024 nan
1 1217.75 nan
1 1448.15 nan
1 1722.16 nan
1 2048 nan
1 2435.5 nan
1 2896.31 nan
1 3444.31 nan

1.1 1.18921 4
1.1 1.41421 1
1.1 1.68179 1
1.1 2 2
1.1 2.37841 2
1.1 2.82843 2
1.1 3.36359 2
1.1 4 2
1.1 4.75683 2
1.1 5.65685 2
1.1 6.72717 2
1.1 8 2
1.1 9.51366 2
1.1 11.3137 7.79133
1.1 13.4543 nan
1.1 16 nan
1.1 19.0273 nan
1.1 22.6274 nan
1.1 26.9087 nan
1.1 32 nan
1.1 38.0546 nan
1.1 45.2548 nan
1.1 53.8174 nan
1.1 64 nan
1.1 76.1093 nan
1.1 90.5097 nan
1.1 107.635 nan
1.1 128 nan
1.1 152.219 nan
1.1 181.019 nan
1.1 215.269 nan
1.1 256 nan
1.1 304.437 nan
1.1 362.039 nan
1.1 430.539 nan
1.1 512 nan
1.1 608.874 nan
1.1 724.077 nan
1.1 861.078 nan
1.1 1024 nan
1.1 1217.75 nan
1.1 1448.15 nan
1.1 1722.16 nan
1.1 2048 nan
1.1 2435.5 nan
1.1 2896.31 nan
1.1 3444.31 nan

1.2 1.18921 2
1.2 1.41421 128
1.2 1.68179 2
1.2 2 2
1.2 2.37841 2
1.2 2.82843 2
1.2 3.36359 2
1.2 4 2
1.2 4.75683 2
1.2 5.65685 2
1.2 6.72717 2
1.2 8 2
1.2 9.51366 2
1.2 11.3137 5.56059
1.2 13.4543 22.004
1.2 16 nan
1.2 19.0273 nan
1.2 22.6274 nan
1.2 26.9087 nan
1.2 32 nan
1.2 38.0546 nan
1.2 45.2548 nan
1.2 53.8174 nan
1.2 64 nan
1.2 76.1093 nan
1.2 90.5097 nan
1.2 107.635 nan
1.2 128 nan
1.2 152.219 nan
1.2 181.019 nan
1.2 215.269 nan
1.2 256 nan
1.2 304.437 nan
1.2 362.039 nan
1.2 430.539 nan
1.2 512 nan
1.2 608.874 nan
1.2 724.077 nan
1.2 861.078 nan
1.2 1024 nan
1.2 1217.75 nan
1.2 1448.15 nan
1.2 1722.16 nan
1.2 2048 nan
1.2 2435.5 nan
1.2 2896.31 nan
1.2 3444.31 nan

1.3 1.18921 1
1.3 1.41421 2
1.3 1.68179 2
1.3 2 2
1.3 2.37841 2
1.3 2.82843 1
1.3 3.36359 1
1.3 4 1
1.3 4.75683 1
1.3 5.65685 1
1.3 6.72717 1
1.3 8 1
1.3 9.51366 1
1.3 11.3137 4.32507
1.3 13.4543 12.2951
1.3 16 47.1353
1.3 19.0273 nan
1.3 22.6274 nan
1.3 26.9087 nan
1.3 32 nan
1.3 38.0546 nan
1.3 45.2548 nan
1.3 53.8174 nan
1.3 64 nan
1.3 76.1093 nan
1.3 90.5097 nan
1.3 107.635 nan
1.3 128 nan
1.3 152.219 nan
1.3 181.019 nan
1.3 215.269 nan
1.3 256 nan
1.3 304.437 nan
1.3 362.039 nan
1.3 430.539 nan
1.3 512 nan
1.3 608.874 nan
1.3 724.077 nan
1.3 861.078 nan
1.3 1024 nan
1.3 1217.75 nan
1.3 1448.15 nan
1.3 1722.16 nan
1.3 2048 nan
1.3 2435.5 nan
1.3 2896.31 nan
1.3 3444.31 nan

1.4 1.18921 2
1.4 1.41421 2
1.4 1.68179 2
1.4 2 1
1.4 2.37841 1
1.4 2.82843 1
1.4 3.36359 1
1.4 4 1
1.4 4.75683 1
1.4 5.65685 1
1.4 6.72717 1
1.4 8 1
1.4 9.51366 1
1.4 11.3137 3.51345
1.4 13.4543 8.35782
1.4 16 20.6067
1.4 19.0273 nan
1.4 22.6274 nan
1.4 26.9087 nan
1.4 32 nan
1.4 38.0546 nan
1.4 45.2548 nan
1.4 53.8174 nan
1.4 64 nan
1.4 76.1093 nan
1.4 90.5097 nan
1.4 107.635 nan
1.4 128 nan
1.4 152.219 nan
1.4 181.019 nan
1.4 215.269 nan
1.4 256 nan
1.4 304.437 nan
1.4 362.039 nan
1.4 430.539 nan
1.4 512 nan
1.4 608.874 nan
1.4 724.077 nan
1.4 861.078 nan
1.4 1024 nan
1.4 1217.75 nan
1.4 1448.15 nan
1.4 1722.16 nan
1.4 2048 nan
1.4 2435.5 nan
1.4 2896.31 nan
1.4 3444.31 nan

1.5 1.18921 2
1.5 1.41421 1
1.5 1.68179 1
1.5 2 1
1.5 2.37841 1
1.5 2.82843 1
1.5 3.36359 1
1.5 4 1
1.5 4.75683 1
1.5 5.65685 1
1.5 6.72717 1
1.5 8 1
1.5 9.51366 1
1.5 11.3137 2.96514
1.5 13.4543 6.27818
1.5 16 12.928
1.5 19.0273 28.4636
1.5 22.6274 nan
1.5 26.9087 nan
1.5 32 nan
1.5 38.0546 nan
1.5 45.2548 nan
1.5 53.8174 nan
1.5 64 nan
1.5 76.1093 nan
1.5 90.5097 nan
1.5 107.635 nan
1.5 128 nan
1.5 152.219 nan
1.5 181.019 nan
1.5 215.269 nan
1.5 256 nan
1.5 304.437 nan
1.5 362.039 nan
1.5 430.539 nan
1.5 512 nan
1.5 608.874 nan
1.5 724.077 nan
1.5 861.078 nan
1.5 1024 nan
1.5 1217.75 nan
1.5 1448.15 nan
1.5 1722.16 nan
1.5 2048 nan
1.5 2435.5 nan
1.5 2896.31 nan
1.5 3444.31 nan

1.6 1.18921 1
1.6 1.41421 1
1.6 1.68179 1
1.6 2 1
1.6 2.37841 1
1.6 2.82843 1
1.6 3.36359 1
1.6 4 1
1.6 4.75683 1
1.6 5.65685 1
1.6 6.72717 1
1.6 8 1
1.6 9.51366 1
1.6 11.3137 2.58815
1.6 13.4543 5.01297
1.6 16 9.27815
1.6 19.0273 17.3512
1.6 22.6274 35.8785
1.6 26.9087 nan
1.6 32 nan
1.6 38.0546 nan
1.6 45.2548 nan
1.6 53.8174 nan
1.6 64 nan
1.6 76.1093 nan
1.6 90.5097 nan
1.6 107.635 nan
1.6 128 nan
1.6 152.219 nan
1.6 181.019 nan
1.6 215.269 nan
1.6 256 nan
1.6 304.437 nan
1.6 362.039 nan
1.6 430.539 nan
1.6 512 nan
1.6 608.874 nan
1.6 724.077 nan
1.6 861.078 nan
1.6 1024 nan
1.6 1217.75 nan
1.6 1448.15 nan
1.6 1722.16 nan
1.6 2048 nan
1.6 2435.5 nan
1.6 2896.31 nan
1.6 3444.31 nan

1.7 1.18921 1
1.7 1.41421 1
1.7 1.68179 512
1.7 2 1
1.7 2.37841 1
1.7 2.82843 1
1.7 3.36359 1
1.7 4 1
1.7 4.75683 1
1.7 5.65685 1
1.7 6.72717 1
1.7 8 1
1.7 9.51366 1
1.7 11.3137 2.31421
1.7 13.4543 4.17344
1.7 16 7.12504
1.7 19.0273 12.2261
1.7 22.6274 21.6596
1.7 26.9087 42.9158
1.7 32 nan
1.7 38.0546 nan
1.7 45.2548 nan
1.7 53.8174 nan
1.7 64 nan
1.7 76.1093 nan
1.7 90.5097 nan
1.7 107.635 nan
1.7 128 nan
1.7 152.219 nan
1.7 181.019 nan
1.7 215.269 nan
1.7 256 nan
1.7 304.437 nan
1.7 362.039 nan
1.7 430.539 nan
1.7 512 nan
1.7 608.874 nan
1.7 724.077 nan
1.7 861.078 nan
1.7 1024 nan
1.7 1217.75 nan
1.7 1448.15 nan
1.7 1722.16 nan
1.7 2048 nan
1.7 2435.5 nan
1.7 2896.31 nan
1.7 3444.31 nan

1.8 1.18921 256
1.8 1.41421 1
1.8 1.68179 1
1.8 2 1
1.8 2.37841 1
1.8 2.82843 1
1.8 3.36359 1
1.8 4 1
1.8 4.75683 1
1.8 5.65685 1
1.8 6.72717 1
1.8 8 1
1.8 9.51366 1
1.8 11.3137 2.10619
1.8 13.4543 3.55135
1.8 16 5.7722
1.8 19.0273 9.27178
1.8 22.6274 14.8415
1.8 26.9087 25.1075
1.8 32 47.7657
1.8 38.0546 nan
1.8 45.2548 nan
1.8 53.8174 nan
1.8 64 nan
1.8 76.1093 nan
1.8 90.5097 nan
1.8 107.635 nan
1.8 128 nan
1.8 152.219 nan
1.8 181.019 nan
1.8 215.269 nan
1.8 256 nan
1.8 304.437 nan
1.8 362.039 nan
1.8 430.539 nan
1.8 512 nan
1.8 608.874 nan
1.8 724.077 nan
1.8 861.078 nan
1.8 1024 nan
1.8 1217.75 nan
1.8 1448.15 nan
1.8 1722.16 nan
1.8 2048 nan
1.8 2435.5 nan
1.8 2896.31 nan
1.8 3444.31 nan

1.9 1.18921 1
1.9 1.41421 1
1.9 1.68179 1
1.9 2 1
1.9 2.37841 1
1.9 2.82843 1
1.9 3.36359 1
1.9 4 1
1.9 4.75683 1
1.9 5.65685 1
1.9 6.72717 1
1.9 8 1
1.9 9.51366 1
1.9 11.3137 1.91574
1.9 13.4543 3.09542
1.9 16 4.83986
1.9 19.0273 7.36668
1.9 22.6274 11.3149
1.9 26.9087 17.371
1.9 32 27.8099
1.9 38.0546 51.1323
1.9 45.2548 nan
1.9 53.8174 nan
1.9 64 nan
1.9 76.1093 nan
1.9 90.5097 nan
1.9 107.635 nan
1.9 128 nan
1.9 152.219 nan
1.9 181.019 nan
1.9 215.269 nan
1.9 256 nan
1.9 304.437 nan
1.9 362.039 nan
1.9 430.539 nan
1.9 512 nan
1.9 608.874 nan
1.9 724.077 nan
1.9 861.078 nan
1.9 1024 nan
1.9 1217.75 nan
1.9 1448.15 nan
1.9 1722.16 nan
1.9 2048 nan
1.9 2435.5 nan
1.9 2896.31 nan
1.9 3444.31 nan

2 1.18921 1
2 1.41421 1
2 1.68179 1
2 2 1
2 2.37841 1
2 2.82843 1
2 3.36359 1
2 4 1
2 4.75683 1
2 5.65685 1
2 6.72717 1
2 8 1
2 9.51366 1
2 11.3137 1.73467
2 13.4543 2.75534
2 16 4.16295
2 19.0273 6.1108
2 22.6274 8.96109
2 26.9087 13.1536
2 32 19.8134
2 38.0546 29.9307
2 45.2548 53.5748
2 53.8174 nan
2 64 nan
2 76.1093 nan
2 90.5097 nan
2 107.635 nan
2 128 nan
2 152.219 nan
2 181.019 nan
2 215.269 nan
2 256 nan
2 304.437 nan
2 362.039 nan
2 430.539 nan
2 512 nan
2 608.874 nan
2 724.077 nan
2 861.078 nan
2 1024 nan
2 1217.75 nan
2 1448.15 nan
2 1722.16 nan
2 2048 nan
2 2435.5 nan
2 2896.31 nan
2 3444.31 nan

2.1 1.18921 1
2.1 1.41421 512
2.1 1.68179 1
2.1 2 1
2.1 2.37841 1
2.1 2.82843 1
2.1 3.36359 1
2.1 4 1
2.1 4.75683 1
2.1 5.65685 1
2.1 6.72717 1
2.1 8 1
2.1 9.51366 1
2.1 11.3137 1.59723
2.1 13.4543 2.4927
2.1 16 3.63569
2.1 19.0273 5.20606
2.1 22.6274 7.34831
2.1 26.9087 10.4975
2.1 32 14.7846
2.1 38.0546 21.9198
2.1 45.2548 31.6231
2.1 53.8174 55.4903
2.1 64 nan
2.1 76.1093 nan
2.1 90.5097 nan
2.1 107.635 nan
2.1 128 nan
2.1 152.219 nan
2.1 181.019 nan
2.1 215.269 nan
2.1 256 nan
2.1 304.437 nan
2.1 362.039 nan
2.1 430.539 nan
2.1 512 nan
2.1 608.874 nan
2.1 724.077 nan
2.1 861.078 nan
2.1 1024 nan
2.1 1217.75 nan
2.1 1448.15 nan
2.1 1722.16 nan
2.1 2048 nan
2.1 2435.5 nan
2.1 2896.31 nan
2.1 3444.31 nan

2.2 1.18921 1
2.2 1.41421 512
2.2 1.68179 1
2.2 2 1
2.2 2.37841 1
2.2 2.82843 1
2.2 3.36359 1
2.2 4 1
2.2 4.75683 1
2.2 5.65685 1
2.2 6.72717 1
2.2 8 1
2.2 9.51366 1
2.2 11.3137 1.48912
2.2 13.4543 2.28383
2.2 16 3.22923
2.2 19.0273 4.52622
2.2 22.6274 6.23672
2.2 26.9087 8.5856
2.2 32 11.914
2.2 38.0546 16.3068
2.2 45.2548 23.7543
2.2 53.8174 34.0148
2.2 64 57.1562
2.2 76.1093 nan
2.2 90.5097 nan
2.2 107.635 nan
2.2 128 nan
2.2 152.219 nan
2.2 181.019 nan
2.2 215.269 nan
2.2 256 nan
2.2 304.437 nan
2.2 362.039 nan
2.2 430.539 nan
2.2 512 nan
2.2 608.874 nan
2.2 724.077 nan
2.2 861.078 nan
2.2 1024 nan
2.2 1217.75 nan
2.2 1448.15 nan
2.2 1722.16 nan
2.2 2048 nan
2.2 2435.5 nan
2.2 2896.31 nan
2.2 3444.31 nan

2.3 1.18921 1
2.3 1.41421 1
2.3 1.68179 1
2.3 2 1
2.3 2.37841 1
2.3 2.82843 1
2.3 3.36359 1
2.3 4 1
2.3 4.75683 1
2.3 5.65685 1
2.3 6.72717 1
2.3 8 1
2.3 9.51366 1
2.3 11.3137 1.4016
2.3 13.4543 2.11351
2.3 16 2.91209
2.3 19.0273 3.99594
2.3 22.6274 5.40291
2.3 26.9087 7.23696
2.3 32 9.82533
2.3 38.0546 13.2143
2.3 45.2548 18.0785
2.3 53.8174 25.3816
2.3 64 36.5602
2.3 76.1093 58.7727
2.3 90.5097 nan
2.3 107.635 nan
2.3 128 nan
2.3 152.219 nan
2.3 181.019 nan
2.3 215.269 nan
2.3 256 nan
2.3 304.437 nan
2.3 362.039 nan
2.3 430.539 nan
2.3 512 nan
2.3 608.874 nan
2.3 724.077 nan
2.3 861.078 nan
2.3 1024 nan
2.3 1217.75 nan
2.3 1448.15 nan
2.3 1722.16 nan
2.3 2048 nan
2.3 2435.5 nan
2.3 2896.31 nan
2.3 3444.31 nan

2.4 1.18921 1
2.4 1.41421 1
2.4 1.68179 1
2.4 2 1
2.4 2.37841 1
2.4 2.82843 1
2.4 3.36359 1
2.4 4 1
2.4 4.75683 1
2.4 5.65685 1
2.4 6.72717 1
2.4 8 1
2.4 9.51366 1
2.4 11.3137 1.32908
2.4 13.4543 1.96336
2.4 16 2.65825
2.4 19.0273 3.56757
2.4 22.6274 4.75556
2.4 26.9087 6.26549
2.4 32 8.22704
2.4 38.0546 10.9969
2.4 45.2548 14.4109
2.4 53.8174 19.7309
2.4 64 26.8604
2.4 76.1093 39.0575
2.4 90.5097 60.4948
2.4 107.635 nan
2.4 128 nan
2.4 152.219 nan
2.4 181.019 nan
2.4 215.269 nan
2.4 256 nan
2.4 304.437 nan
2.4 362.039 nan
2.4 430.539 nan
2.4 512 nan
2.4 608.874 nan
2.4 724.077 nan
2.4 861.078 nan
2.4 1024 nan
2.4 1217.75 nan
2.4 1448.15 nan
2.4 1722.16 nan
2.4 2048 nan
2.4 2435.5 nan
2.4 2896.31 nan
2.4 3444.31 nan

2.5 1.18921 1
2.5 1.41421 1
2.5 1.68179 1
2.5 2 1
2.5 2.37841 1
2.5 2.82843 0.5
2.5 3.36359 0.5
2.5 4 0.5
2.5 4.75683 0.5
2.5 5.65685 0.5
2.5 6.72717 0.5
2.5 8 0.5
2.5 9.51366 0.5
2.5 11.3137 1.2678
2.5 13.4543 1.81382
2.5 16 2.45052
2.5 19.0273 3.22752
2.5 22.6274 4.23694
2.5 26.9087 5.5112
2.5 32 7.1069
2.5 38.0546 9.28735
2.5 45.2548 12.1049
2.5 53.8174 15.5201
2.5 64 21.2976
2.5 76.1093 28.2434
2.5 90.5097 41.6399
2.5 107.635 62.4549
2.5 128 nan
2.5 152.219 nan
2.5 181.019 nan
2.5 215.269 nan
2.5 256 nan
2.5 304.437 nan
2.5 362.039 nan
2.5 430.539 nan
2.5 512 nan
2.5 608.874 nan
2.5 724.077 nan
2.5 861.078 nan
2.5 1024 nan
2.5 1217.75 nan
2.5 1448.15 nan
2.5 1722.16 nan
2.5 2048 nan
2.5 2435.5 nan
2.5 2896.31 nan
2.5 3444.31 nan

2.6 1.18921 1
2.6 1.41421 1
2.6 1.68179 1
2.6 2 0.5
2.6 2.37841 0.5
2.6 2.82843 0.5
2.6 3.36359 0.5
2.6 4 0.5
2.6 4.75683 0.5
2.6 5.65685 0.5
2.6 6.72717 0.5
2.6 8 0.5
2.6 9.51366 0.5
2.6 11.3137 1.21515
2.6 13.4543 1.69196
2.6 16 2.27717
2.6 19.0273 2.95169
2.6 22.6274 3.81245
2.6 26.9087 4.90841
2.6 32 6.25709
2.6 38.0546 7.92491
2.6 45.2548 10.3131
2.6 53.8174 13.1581
2.6 64 16.8415
2.6 76.1093 22.8131
2.6 90.5097 29.5772
2.6 107.635 44.4403
2.6 128 76.0042
2.6 152.219 nan
2.6 181.019 nan
2.6 215.269 nan
2.6 256 nan
2.6 304.437 nan
2.6 362.039 nan
2.6 430.539 nan
2.6 512 nan
2.6 608.874 nan
2.6 724.077 nan
2.6 861.078 nan
2.6 1024 nan
2.6 1217.75 nan
2.6 1448.15 nan
2.6 1722.16 nan
2.6 2048 nan
2.6 2435.5 nan
2.6 2896.31 nan
2.6 3444.31 nan

2.7 1.18921 1
2.7 1.41421 1
2.7 1.68179 0.5
2.7 2 0.5
2.7 2.37841 0.5
2.7 2.82843 0.5
2.7 3.36359 0.5
2.7 4 0.5
2.7 4.75683 0.5
2.7 5.65685 0.5
2.7 6.72717 0.5
2.7 8 0.5
2.7 9.51366 0.5
2.7 11.3137 1.16928
2.7 13.4543 1.59073
2.7 16 2.12989
2.7 19.0273 2.72365
2.7 22.6274 3.46849
2.7 26.9087 4.41345
2.7 32 5.5778
2.7 38.0546 6.99107
2.7 45.2548 8.86301
2.7 53.8174 11.3089
2.7 64 14.1682
2.7 76.1093 18.3829
2.7 90.5097 24.3121
2.7 107.635 30.905
2.7 128 47.5985
2.7 152.219 nan
2.7 181.019 nan
2.7 215.269 nan
2.7 256 nan
2.7 304.437 nan
2.7 362.039 nan
2.7 430.539 nan
2.7 512 nan
2.7 608.874 nan
2.7 724.077 nan
2.7 861.078 nan
2.7 1024 nan
2.7 1217.75 nan
2.7 1448.15 nan
2.7 1722.16 nan
2.7 2048 nan
2.7 2435.5 nan
2.7 2896.31 nan
2.7 3444.31 nan

2.8 1.18921 512
2.8 1.41421 0.5
2.8 1.68179 0.5
2.8 2 0.5
2.8 2.37841 0.5
2.8 2.82843 0.5
2.8 3.36359 0.5
2.8 4 0.5
2.8 4.75683 0.5
2.8 5.65685 0.5
2.8 6.72717 0.5
2.8 8 0.5
2.8 9.51366 0.5
2.8 11.3137 1.12883
2.8 13.4543 1.50525
2.8 16 2.00269
2.8 19.0273 2.5319
2.8 22.6274 3.18539
2.8 26.9087 3.99639
2.8 32 5.02118
2.8 38.0546 6.24316
2.8 45.2548 7.7137
2.8 53.8174 9.80495
2.8 64 12.2823
2.8 76.1093 15.1485
2.8 90.5097 19.9468
2.8 107.635 25.8297
2.8 128 32.6887
2.8 152.219 51.2688
2.8 181.019 nan
2.8 215.269 nan
2.8 256 nan
2.8 304.437 nan
2.8 362.039 nan
2.8 430.539 nan
2.8 512 nan
2.8 608.874 nan
2.8 724.077 nan
2.8 861.078 nan
2.8 1024 nan
2.8 1217.75 nan
2.8 1448.15 nan
2.8 1722.16 nan
2.8 2048 nan
2.8 2435.5 nan
2.8 2896.31 nan
2.8 3444.31 nan

2.9 1.18921 512
2.9 1.41421 0.5
2.9 1.68179 0.5
2.9 2 0.5
2.9 2.37841 0.5
2.9 2.82843 0.5
2.9 3.36359 0.5
2.9 4 0.5
2.9 4.75683 0.5
2.9 5.65685 0.5
2.9 6.72717 0.5
2.9 8 0.5
2.9 9.51366 0.5
2.9 11.3137 1.09276
2.9 13.4543 1.43203
2.9 16 1.87273
2.9 19.0273 2.36813
2.9 22.6274 2.94858
2.9 26.9087 3.65904
2.9 32 4.55396
2.9 38.0546 5.63049
2.9 45.2548 6.90483
2.9 53.8174 8.53648
2.9 64 10.7416
2.9 76.1093 13.2431
2.9 90.5097 16.1882
2.9 107.635 21.5625
2.9 128 27.402
2.9 152.219 36.6514
2.9 181.019 55.6259
2.9 215.269 nan
2.9 256 nan
2.9 304.437 nan
2.9 362.039 nan
2.9 430.539 nan
2.9 512 nan
2.9 608.874 nan
2.9 724.077 nan
2.9 861.078 nan
2.9 1024 nan
2.9 1217.75 nan
2.9 1448.15 nan
2.9 1722.16 nan
2.9 2048 nan
2.9 2435.5 nan
2.9 2896.31 nan
2.9 3444.31 nan

3.02839 1.18921 0.5
3.02839 1.41421 0.5
3.02839 1.68179 0.25
3.02839 2 0.25
3.02839 2.37841 0.5
3.02839 2.82843 0.5
3.02839 3.36359 0.5
3.02839 4 0.5
3.02839 4.75683 0.5
3.02839 5.65685 0.5
3.02839 6.72717 0.5
3.02839 8 0.5
3.02839 9.51366 0.5
3.02839 11.3137 1.05165
3.02839 13.4543 1.35202
3.02839 16 1.73424
3.02839 19.0273 2.18917
3.02839 22.6274 2.69589
3.02839 26.9087 3.3059
3.02839 32 4.04779
3.02839 38.0546 4.98618
3.02839 45.2548 6.07446
3.02839 53.8174 7.35006
3.02839 64 9.10088
3.02839 76.1093 11.2837
3.02839 90.5097 13.7273
3.02839 107.635 16.86
3.02839 128 22.1834
3.02839 152.219 27.881
3.02839 181.019 37.6328
3.02839 215.269 56.9187
3.02839 256 nan
3.02839 304.437 nan
3.02839 362.039 nan
3.02839 430.539 nan
3.02839 512 nan
3.02839 608.874 nan
3.02839 724.077 nan
3.02839 861.078 nan
3.02839 1024 nan
3.02839 1217.75 nan
3.02839 1448.15 nan
3.02839 1722.16 nan
3.02839 2048 nan
3.02839 2435.5 nan
3.02839 2896.31 nan
3.02839 3444.31 nan

3.16247 1.18921 0.5
3.16247 1.41421 0.5
3.16247 1.68179 0.5
3.16247 2 0.5
3.16247 2.37841 0.5
3.16247 2.82843 0.5
3.16247 3.36359 0.5
3.16247 4 0.5
3.16247 4.75683 0.5
3.16247 5.65685 0.5
3.16247 6.72717 0.5
3.16247 8 0.5
3.16247 9.51366 0.5
3.16247 11.3137 1.01371
3.16247 13.4543 1.28145
3.16247 16 1.61583
3.16247 19.0273 2.03053
3.16247 22.6274 2.4781
3.16247 26.9087 3.0082
3.16247 32 3.64035
3.16247 38.0546 4.4329
3.16247 45.2548 5.38312
3.16247 53.8174 6.47489
3.16247 64 7.74344
3.16247 76.1093 9.61582
3.16247 90.5097 11.7745
3.16247 107.635 14.1619
3.16247 128 17.5167
3.16247 152.219 22.8257
3.16247 181.019 28.4358
3.16247 215.269 39.2067
3.16247 256 59.1443
3.16247 304.437 nan
3.16247 362.039 nan
3.16247 430.539 nan
3.16247 512 nan
3.16247 608.874 nan
3.16247 724.077 nan
3.16247 861.078 nan
3.16247 1024 nan
3.16247 1217.75 nan
3.16247 1448.15 nan
3.16247 1722.16 nan
3.16247 2048 nan
3.16247 2435.5 nan
3.16247 2896.31 nan
3.16247 3444.31 nan

3.30249 1.18921 0.5
3.30249 1.41421 0.5
3.30249 1.68179 0.5
3.30249 2 0.5
3.30249 2.37841 0.25
3.30249 2.82843 0.25
3.30249 3.36359 0.25
3.30249 4 0.25
3.30249 4.75683 0.25
3.30249 5.65685 0.25
3.30249 6.72717 0.25
3.30249 8 0.25
3.30249 9.51366 0.25
3.30249 11.3137 0.919358
3.30249 13.4543 1.2186
3.30249 16 1.51348
3.30249 19.0273 1.87671
3.30249 22.6274 2.28759
3.30249 26.9087 2.75394
3.30249 32 3.30181
3.30249 38.0546 3.94968
3.30249 45.2548 4.79181
3.30249 53.8174 5.74824
3.30249 64 6.83816
3.30249 76.1093 8.13252
3.30249 90.5097 10.1014
3.30249 107.635 12.2406
3.30249 128 14.5805
3.30249 152.219 18.2344
3.30249 181.019 23.5771
3.30249 215.269 29.165
3.30249 256 41.8367
3.30249 304.437 62.8222
3.30249 362.039 nan
3.30249 430.539 nan
3.30249 512 nan
3.30249 608.874 nan
3.30249 724.077 nan
3.30249 861.078 nan
3.30249 1024 nan
3.30249 1217.75 nan
3.30249 1448.15 nan
3.30249 1722.16 nan
3.30249 2048 nan
3.30249 2435.5 nan
3.30249 2896.31 nan
3.30249 3444.31 nan

3.4487 1.18921 0.25
3.4487 1.41421 0.25
3.4487 1.68179 0.5
3.4487 2 0.5
3.4487 2.37841 0.5
3.4487 2.82843 0.5
3.4487 3.36359 0.5
3.4487 4 0.5
3.4487 4.75683 0.5
3.4487 5.65685 0.5
3.4487 6.72717 0.5
3.4487 8 0.5
3.4487 9.51366 0.5
3.4487 11.3137 0.826728
3.4487 13.4543 1.1621
3.4487 16 1.42412
3.4487 19.0273 1.74197
3.4487 22.6274 2.11805
3.4487 26.9087 2.53366
3.4487 32 3.01457
3.4487 38.0546 3.57553
3.4487 45.2548 4.26987
3.4487 53.8174 5.12841
3.4487 64 6.088
3.4487 76.1093 7.17359
3.4487 90.5097 8.60241
3.4487 107.635 10.5826
3.4487 128 12.713
3.4487 152.219 15.0204
3.4487 181.019 19.1062
3.4487 215.269 24.5409
3.4487 256 30.1811
3.4487 304.437 46.1212
3.4487 362.039 nan
3.4487 430.539 nan
3.4487 512 nan
3.4487 608.874 nan
3.4487 724.077 nan
3.4487 861.078 nan
3.4487 1024 nan
3.4487 1217.75 nan
3.4487 1448.15 nan
3.4487 1722.16 nan
3.4487 2048 nan
3.4487 2435.5 nan
3.4487 2896.31 nan
3.4487 3444.31 nan

3.60139 1.18921 0.5
3.60139 1.41421 0.5
3.60139 1.68179 0.5
3.60139 2 0.5
3.60139 2.37841 0.5
3.60139 2.82843 0.5
3.60139 3.36359 0.5
3.60139 4 0.5
3.60139 4.75683 0.5
3.60139 5.65685 0.5
3.60139 6.72717 0.5
3.60139 8 0.5
3.60139 9.51366 0.5
3.60139 11.3137 0.762813
3.60139 13.4543 1.11084
3.60139 16 1.34534
3.60139 19.0273 1.62582
3.60139 22.6274 1.96243
3.60139 26.9087 2.33968
3.60139 32 2.76754
3.60139 38.0546 3.25964
3.60139 45.2548 3.83003
3.60139 53.8174 4.5824
3.60139 64 5.4493
3.60139 76.1093 6.41152
3.60139 90.5097 7.49315
3.60139 107.635 9.08618
3.60139 128 11.0895
3.60139 152.219 13.2273
3.60139 181.019 15.5231
3.60139 215.269 20.2447
3.60139 256 25.8387
3.60139 304.437 31.6135
3.60139 362.039 52.7751
3.60139 430.539 nan
3.60139 512 nan
3.60139 608.874 nan
3.60139 724.077 nan
3.60139 861.078 nan
3.60139 1024 nan
3.60139 1217.75 nan
3.60139 1448.15 nan
3.60139 1722.16 nan
3.60139 2048 nan
3.60139 2435.5 nan
3.60139 2896.31 nan
3.60139 3444.31 nan

3.76083 1.18921 0.5
3.76083 1.41421 0.5
3.76083 1.68179 0.25
3.76083 2 0.25
3.76083 2.37841 0.25
3.76083 2.82843 0.25
3.76083 3.36359 0.25
3.76083 4 0.25
3.76083 4.75683 0.25
3.76083 5.65685 0.5
3.76083 6.72717 0.5
3.76083 8 0.5
3.76083 9.51366 0.5
3.76083 11.3137 0.716553
3.76083 13.4543 1.06386
3.76083 16 1.27526
3.76083 19.0273 1.52472
3.76083 22.6274 1.82035
3.76083 26.9087 2.16551
3.76083 32 2.55174
3.76083 38.0546 2.98952
3.76083 45.2548 3.49039
3.76083 53.8174 4.08438
3.76083 64 4.88727
3.76083 76.1093 5.76358
3.76083 90.5097 6.73048
3.76083 107.635 7.81134
3.76083 128 9.61458
3.76083 152.219 11.6578
3.76083 181.019 13.8246
3.76083 215.269 16.2965
3.76083 256 21.7808
3.76083 304.437 27.6083
3.76083 362.039 37.8551
3.76083 430.539 62.5259
3.76083 512 nan
3.76083 608.874 nan
3.76083 724.077 nan
3.76083 861.078 nan
3.76083 1024 nan
3.76083 1217.75 nan
3.76083 1448.15 nan
3.76083 1722.16 nan
3.76083 2048 nan
3.76083 2435.5 nan
3.76083 2896.31 nan
3.76083 3444.31 nan

3.92734 1.18921 0.25
3.92734 1.41421 0.25
3.92734 1.68179 0.5
3.92734 2 0.5
3.92734 2.37841 0.5
3.92734 2.82843 0.5
3.92734 3.36359 0.5
3.92734 4 0.5
3.92734 4.75683 0.5
3.92734 5.65685 0.5
3.92734 6.72717 0.5
3.92734 8 0.5
3.92734 9.51366 0.5
3.92734 11.3137 0.681837
3.92734 13.4543 1.02036
3.92734 16 1.2123
3.92734 19.0273 1.43592
3.92734 22.6274 1.69777
3.92734 26.9087 2.00554
3.92734 32 2.35965
3.92734 38.0546 2.75507
3.92734 45.2548 3.20131
3.92734 53.8174 3.70956
3.92734 64 4.37474
3.92734 76.1093 5.19372
3.92734 90.5097 6.0829
3.92734 107.635 7.05915
3.92734 128 8.24255
3.92734 152.219 10.2248
3.92734 181.019 12.3293
3.92734 215.269 14.5522
3.92734 256 18.0594
3.92734 304.437 23.8542
3.92734 362.039 29.993
3.92734 430.539 48.3971
3.92734 512 nan
3.92734 608.874 nan
3.92734 724.077 nan
3.92734 861.078 nan
3.92734 1024 nan
3.92734 1217.75 nan
3.92734 1448.15 nan
3.92734 1722.16 nan
3.92734 2048 nan
3.92734 2435.5 nan
3.92734 2896.31 nan
3.92734 3444.31 nan

4.10122 1.18921 0.5
4.10122 1.41421 0.5
4.10122 1.68179 0.5
4.10122 2 0.5
4.10122 2.37841 0.5
4.10122 2.82843 0.5
4.10122 3.36359 0.5
4.10122 4 0.5
4.10122 4.75683 0.5
4.10122 5.65685 0.5
4.10122 6.72717 0.5
4.10122 8 0.25
4.10122 9.51366 0.25
4.10122 11.3137 0.655038
4.10122 13.4543 0.954702
4.10122 16 1.15519
4.10122 19.0273 1.35721
4.10122 22.6274 1.59105
4.10122 26.9087 1.86297
4.10122 32 2.18475
4.10122 38.0546 2.54783
4.10122 45.2548 2.95177
4.10122 53.8174 3.40596
4.10122 64 3.92129
4.10122 76.1093 4.67399
4.10122 90.5097 5.51359
4.10122 107.635 6.42154
4.10122 128 7.41455
4.10122 152.219 8.89268
4.10122 181.019 10.9604
4.10122 215.269 13.1523
4.10122 256 15.4636
4.10122 304.437 20.4177
4.10122 362.039 26.5941
4.10122 430.539 35.9572
4.10122 512 62.7636
4.10122 608.874 nan
4.10122 724.077 nan
4.10122 861.078 nan
4.10122 1024 nan
4.10122 1217.75 nan
4.10122 1448.15 nan
4.10122 1722.16 nan
4.10122 2048 nan
4.10122 2435.5 nan
4.10122 2896.31 nan
4.10122 3444.31 nan

4.2828 1.18921 0.5
4.2828 1.41421 0.5
4.2828 1.68179 0.5
4.2828 2 0.5
4.2828 2.37841 0.25
4.2828 2.82843 0.25
4.2828 3.36359 0.5
4.2828 4 0.5
4.2828 4.75683 0.5
4.2828 5.65685 0.5
4.2828 6.72717 0.5
4.2828 8 0.5
4.2828 9.51366 0.5
4.2828 11.3137 0.633879
4.2828 13.4543 0.882392
4.2828 16 1.10278
4.2828 19.0273 1.28677
4.2828 22.6274 1.49735
4.2828 26.9087 1.73971
4.2828 32 2.02135
4.2828 38.0546 2.36046
4.2828 45.2548 2.73249
4.2828 53.8174 3.14518
4.2828 64 3.60783
4.2828 76.1093 4.18523
4.2828 90.5097 4.99434
4.2828 107.635 5.8614
4.2828 128 6.79668
4.2828 152.219 7.81682
4.2828 181.019 9.6921
4.2828 215.269 11.8701
4.2828 256 14.1801
4.2828 304.437 17.3996
4.2828 362.039 23.4744
4.2828 430.539 30.093
4.2828 512 50.6959
4.2828 608.874 nan
4.2828 724.077 nan
4.2828 861.078 nan
4.2828 1024 nan
4.2828 1217.75 nan
4.2828 1448.15 nan
4.2828 1722.16 nan
4.2828 2048 nan
4.2828 2435.5 nan
4.2828 2896.31 nan
4.2828 3444.31 nan

4.47241 1.18921 0.5
4.47241 1.41421 0.25
4.47241 1.68179 0.5
4.47241 2 0.5
4.47241 2.37841 0.5
4.47241 2.82843 0.5
4.47241 3.36359 0.5
4.47241 4 0.25
4.47241 4.75683 0.5
4.47241 5.65685 0.5
4.47241 6.72717 0.5
4.47241 8 0.5
4.47241 9.51366 0.5
4.47241 11.3137 0.616863
4.47241 13.4543 0.826617
4.47241 16 1.05408
4.47241 19.0273 1.22308
4.47241 22.6274 1.41434
4.47241 26.9087 1.63224
4.47241 32 1.88173
4.47241 38.0546 2.18658
4.47241 45.2548 2.53542
4.47241 53.8174 2.91725
4.47241 64 3.33989
4.47241 76.1093 3.81261
4.47241 90.5097 4.50664
4.47241 107.635 5.35082
4.47241 128 6.25467
4.47241 152.219 7.22867
4.47241 181.019 8.5364
4.47241 215.269 10.6877
4.47241 256 13.0045
4.47241 304.437 15.4677
4.47241 362.039 20.707
4.47241 430.539 27.283
4.47241 512 40.2261
4.47241 608.874 nan
4.47241 724.077 nan
4.47241 861.078 nan
4.47241 1024 nan
4.47241 1217.75 nan
4.47241 1448.15 nan
4.47241 1722.16 nan
4.47241 2048 nan
4.47241 2435.5 nan
4.47241 2896.31 nan
4.47241 3444.31 nan

4.67042 1.18921 0.5
4.67042 1.41421 0.5
4.67042 1.68179 0.5
4.67042 2 0.5
4.67042 2.37841 0.5
4.67042 2.82843 0.5
4.67042 3.36359 0.5
4.67042 4 0.5
4.67042 4.75683 0.5
4.67042 5.65685 0.5
4.67042 6.72717 0.5
4.67042 8 0.5
4.67042 9.51366 0.532642
4.67042 11.3137 0.660488
4.67042 13.4543 0.817797
4.67042 16 1.00813
4.67042 19.0273 1.1648
4.67042 22.6274 1.34008
4.67042 26.9087 1.53775
4.67042 32 1.76205
4.67042 38.0546 2.02081
4.67042 45.2548 2.35357
4.67042 53.8174 2.71352
4.67042 64 3.10696
4.67042 76.1093 3.5418
4.67042 90.5097 4.04268
4.67042 107.635 4.87239
4.67042 128 5.76135
4.67042 152.219 6.71403
4.67042 181.019 7.74134
4.67042 215.269 9.61766
4.67042 256 11.9236
4.67042 304.437 14.411
4.67042 362.039 18.3132
4.67042 430.539 24.744
4.67042 512 31.8373
4.67042 608.874 58.909
4.67042 724.077 nan
4.67042 861.078 nan
4.67042 1024 nan
4.67042 1217.75 nan
4.67042 1448.15 nan
4.67042 1722.16 nan
4.67042 2048 nan
4.67042 2435.5 nan
4.67042 2896.31 nan
4.67042 3444.31 nan

4.8772 1.18921 0.5
4.8772 1.41421 0.5
4.8772 1.68179 0.5
4.8772 2 0.5
4.8772 2.37841 0.5
4.8772 2.82843 0.5
4.8772 3.36359 0.5
4.8772 4 0.5
4.8772 4.75683 0.5
4.8772 5.65685 0.5
4.8772 6.72717 0.5
4.8772 8 0.5
4.8772 9.51366 0.525616
4.8772 11.3137 0.641417
4.8772 13.4543 0.781499
4.8772 16 0.951335
4.8772 19.0273 1.11071
4.8772 22.6274 1.27292
4.8772 26.9087 1.45395
4.8772 32 1.65748
4.8772 38.0546 1.88761
4.8772 45.2548 2.18106
4.8772 53.8174 2.52645
4.8772 64 2.89985
4.8772 76.1093 3.30774
4.8772 90.5097 3.75825
4.8772 107.635 4.41994
4.8772 128 5.30075
4.8772 152.219 6.24672
4.8772 181.019 7.26326
4.8772 215.269 8.67728
4.8772 256 10.9469
4.8772 304.437 13.4357
4.8772 362.039 16.2644
4.8772 430.539 22.4891
4.8772 512 29.4813
4.8772 608.874 49.624
4.8772 724.077 nan
4.8772 861.078 nan
4.8772 1024 nan
4.8772 1217.75 nan
4.8772 1448.15 nan
4.8772 1722.16 nan
4.8772 2048 nan
4.8772 2435.5 nan
4.8772 2896.31 nan
4.8772 3444.31 nan

5.09313 1.18921 0.5
5.09313 1.41421 0.5
5.09313 1.68179 0.5
5.09313 2 0.5
5.09313 2.37841 0.5
5.09313 2.82843 0.5
5.09313 3.36359 0.5
5.09313 4 0.5
5.09313 4.75683 0.5
5.09313 5.65685 0.5
5.09313 6.72717 0.5
5.09313 8 0.5
5.09313 9.51366 0.518491
5.09313 11.3137 0.623963
5.09313 13.4543 0.749625
5.09313 16 0.899739
5.09313 19.0273 1.05968
5.09313 22.6274 1.21137
5.09313 26.9087 1.37886
5.09313 32 1.56539
5.09313 38.0546 1.77459
5.09313 45.2548 2.01353
5.09313 53.8174 2.34979
5.09313 64 2.71057
5.09313 76.1093 3.10079
5.09313 90.5097 3.5272
5.09313 107.635 3.99818
5.09313 128 4.86816
5.09313 152.219 5.81219
5.09313 181.019 6.83016
5.09313 215.269 7.92892
5.09313 256 10.0837
5.09313 304.437 12.5473
5.09313 362.039 15.2475
5.09313 430.539 20.4976
5.09313 512 27.3332
5.09313 608.874 41.5194
5.09313 724.077 nan
5.09313 861.078 nan
5.09313 1024 nan
5.09313 1217.75 nan
5.09313 1448.15 nan
5.09313 1722.16 nan
5.09313 2048 nan
5.09313 2435.5 nan
5.09313 2896.31 nan
5.09313 3444.31 nan

5.31862 1.18921 0.5
5.31862 1.41421 0.5
5.31862 1.68179 0.5
5.31862 2 0.5
5.31862 2.37841 0.5
5.31862 2.82843 0.5
5.31862 3.36359 0.5
5.31862 4 0.5
5.31862 4.75683 0.5
5.31862 5.65685 0.5
5.31862 6.72717 0.5
5.31862 8 0.5
5.31862 9.51366 0.511277
5.31862 11.3137 0.607855
5.31862 13.4543 0.72135
5.31862 16 0.855146
5.31862 19.0273 1.01063
5.31862 22.6274 1.15406
5.31862 26.9087 1.31074
5.31862 32 1.48353
5.31862 38.0546 1.67568
5.31862 45.2548 1.89073
5.31862 53.8174 2.17903
5.31862 64 2.53264
5.31862 76.1093 2.91262
5.31862 90.5097 3.32423
5.31862 107.635 3.77457
5.31862 128 4.4675
5.31862 152.219 5.40665
5.31862 181.019 6.42849
5.31862 215.269 7.53646
5.31862 256 9.33136
5.31862 304.437 11.75
5.31862 362.039 14.4302
5.31862 430.539 18.7347
5.31862 512 25.3847
5.31862 608.874 34.5086
5.31862 724.077 63.1925
5.31862 861.078 nan
5.31862 1024 nan
5.31862 1217.75 nan
5.31862 1448.15 nan
5.31862 1722.16 nan
5.31862 2048 nan
5.31862 2435.5 nan
5.31862 2896.31 nan
5.31862 3444.31 nan

5.5541 1.18921 0.5
5.5541 1.41421 0.5
5.5541 1.68179 0.5
5.5541 2 0.5
5.5541 2.37841 0.5
5.5541 2.82843 0.5
5.5541 3.36359 0.5
5.5541 4 0.5
5.5541 4.75683 0.5
5.5541 5.65685 0.5
5.5541 6.72717 0.5
5.5541 8 0.5
5.5541 9.51366 0.503996
5.5541 11.3137 0.59289
5.5541 13.4543 0.696051
5.5541 16 0.816212
5.5541 19.0273 0.956528
5.5541 22.6274 1.09968
5.5541 26.9087 1.24797
5.5541 32 1.40989
5.5541 38.0546 1.58836
5.5541 45.2548 1.78661
5.5541 53.8174 2.01174
5.5541 64 2.36147
5.5541 76.1093 2.73652
5.5541 90.5097 3.14068
5.5541 107.635 3.57965
5.5541 128 4.10614
5.5541 152.219 5.03358
5.5541 181.019 6.05467
5.5541 215.269 7.17154
5.5541 256 8.67684
5.5541 304.437 11.0393
5.5541 362.039 13.6797
5.5541 430.539 17.1644
5.5541 512 23.6156
5.5541 608.874 30.863
5.5541 724.077 55.4643
5.5541 861.078 nan
5.5541 1024 nan
5.5541 1217.75 nan
5.5541 1448.15 nan
5.5541 1722.16 nan
5.5541 2048 nan
5.5541 2435.5 nan
5.5541 2896.31 nan
5.5541 3444.31 nan

5.8 1.18921 0.5
5.8 1.41421 0.5
5.8 1.68179 0.5
5.8 2 0.5
5.8 2.37841 0.5
5.8 2.82843 0.5
5.8 3.36359 0.5
5.8 4 0.5
5.8 4.75683 0.5
5.8 5.65685 0.5
5.8 6.72717 0.5
5.8 8 0.5
5.8 9.51366 0.5
5.8 11.3137 0.578888
5.8 13.4543 0.673225
5.8 16 0.781901
5.8 19.0273 0.907475
5.8 22.6274 1.04696
5.8 26.9087 1.189
5.8 32 1.34262
5.8 38.0546 1.51041
5.8 45.2548 1.69531
5.8 53.8174 1.90056
5.8 64 2.19474
5.8 76.1093 2.56791
5.8 90.5097 2.96969
5.8 107.635 3.40443
5.8 128 3.87836
5.8 152.219 4.69821
5.8 181.019 5.71098
5.8 215.269 6.83017
5.8 256 8.10322
5.8 304.437 10.4048
5.8 362.039 12.9943
5.8 430.539 15.8724
5.8 512 22.0035
5.8 608.874 29.0904
5.8 724.077 48.4997
5.8 861.078 nan
5.8 1024 nan
5.8 1217.75 nan
5.8 1448.15 nan
5.8 1722.16 nan
5.8 2048 nan
5.8 2435.5 nan
5.8 2896.31 nan
5.8 3444.31 nan

6.05679 1.18921 0.5
6.05679 1.41421 0.5
6.05679 1.68179 0.5
6.05679 2 0.5
6.05679 2.37841 0.5
6.05679 2.82843 0.5
6.05679 3.36359 0.5
6.05679 4 0.5
6.05679 4.75683 0.5
6.05679 5.65685 0.5
6.05679 6.72717 0.5
6.05679 8 0.5
6.05679 9.51366 0.5
6.05679 11.3137 0.565658
6.05679 13.4543 0.652437
6.05679 16 0.75138
6.05679 19.0273 0.8646
6.05679 22.6274 0.994475
6.05679 26.9087 1.13233
6.05679 32 1.27992
6.05679 38.0546 1.43971
6.05679 45.2548 1.61436
6.05679 53.8174 1.80684
6.05679 64 2.03245
6.05679 76.1093 2.40452
6.05679 90.5097 2.8066
6.05679 107.635 3.24182
6.05679 128 3.71525
6.05679 152.219 4.40285
6.05679 181.019 5.40046
6.05679 215.269 6.5134
6.05679 256 7.74885
6.05679 304.437 9.83428
6.05679 362.039 12.368
6.05679 430.539 15.1959
6.05679 512 20.5282
6.05679 608.874 27.4497
6.05679 724.077 42.243
6.05679 861.078 nan
6.05679 1024 nan
6.05679 1217.75 nan
6.05679 1448.15 nan
6.05679 1722.16 nan
6.05679 2048 nan
6.05679 2435.5 nan
6.05679 2896.31 nan
6.05679 3444.31 nan

