# T0 = 3
# mxlib uncomp [dev]: 15c346a9a22d5b28a2224372f9d9f720bd775978
# mxlib comp [dev]: 38139e97f9e4c035fd45e2571fd22f6c821a6b80
# pointingEnv [main]: 3cf5ddfc1a0da1f0a303c92d477776fbd28ce3a2
1 1.18921 16
1 1.41421 16
1 1.68179 16
1 2 16
1 2.37841 16
1 2.82843 16
1 3.36359 8
1 4 8
1 4.75683 8
1 5.65685 8
1 6.72717 8
1 8 8
1 9.51366 8
1 11.3137 118.255
1 13.4543 1562.06
1 16 nan
1 19.0273 nan
1 22.6274 nan
1 26.9087 nan
1 32 nan
1 38.0546 nan
1 45.2548 nan
1 53.8174 nan
1 64 nan
1 76.1093 nan
1 90.5097 nan
1 107.635 nan
1 128 nan
1 152.219 nan
1 181.019 nan
1 215.269 nan
1 256 nan
1 304.437 nan
1 362.039 nan
1 430.539 nan
1 512 nan
1 608.874 nan
1 724.077 nan
1 861.078 nan
1 1024 nan
1 1217.75 nan
1 1448.15 nan
1 1722.16 nan
1 2048 nan
1 2435.5 nan
1 2896.31 nan
1 3444.31 nan

1.1 1.18921 16
1.1 1.41421 16
1.1 1.68179 16
1.1 2 16
1.1 2.37841 16
1.1 2.82843 16
1.1 3.36359 16
1.1 4 16
1.1 4.75683 16
1.1 5.65685 16
1.1 6.72717 16
1.1 8 16
1.1 9.51366 16
1.1 11.3137 75.1464
1.1 13.4543 390.093
1.1 16 3856.67
1.1 19.0273 nan
1.1 22.6274 nan
1.1 26.9087 nan
1.1 32 nan
1.1 38.0546 nan
1.1 45.2548 nan
1.1 53.8174 nan
1.1 64 nan
1.1 76.1093 nan
1.1 90.5097 nan
1.1 107.635 nan
1.1 128 nan
1.1 152.219 nan
1.1 181.019 nan
1.1 215.269 nan
1.1 256 nan
1.1 304.437 nan
1.1 362.039 nan
1.1 430.539 nan
1.1 512 nan
1.1 608.874 nan
1.1 724.077 nan
1.1 861.078 nan
1.1 1024 nan
1.1 1217.75 nan
1.1 1448.15 nan
1.1 1722.16 nan
1.1 2048 nan
1.1 2435.5 nan
1.1 2896.31 nan
1.1 3444.31 nan

1.2 1.18921 16
1.2 1.41421 16
1.2 1.68179 16
1.2 2 16
1.2 2.37841 16
1.2 2.82843 16
1.2 3.36359 16
1.2 4 16
1.2 4.75683 16
1.2 5.65685 16
1.2 6.72717 16
1.2 8 16
1.2 9.51366 16
1.2 11.3137 54.1428
1.2 13.4543 187.239
1.2 16 707.704
1.2 19.0273 3978.17
1.2 22.6274 nan
1.2 26.9087 nan
1.2 32 nan
1.2 38.0546 nan
1.2 45.2548 nan
1.2 53.8174 nan
1.2 64 nan
1.2 76.1093 nan
1.2 90.5097 nan
1.2 107.635 nan
1.2 128 nan
1.2 152.219 nan
1.2 181.019 nan
1.2 215.269 nan
1.2 256 nan
1.2 304.437 nan
1.2 362.039 nan
1.2 430.539 nan
1.2 512 nan
1.2 608.874 nan
1.2 724.077 nan
1.2 861.078 nan
1.2 1024 nan
1.2 1217.75 nan
1.2 1448.15 nan
1.2 1722.16 nan
1.2 2048 nan
1.2 2435.5 nan
1.2 2896.31 nan
1.2 3444.31 nan

1.3 1.18921 16
1.3 1.41421 16
1.3 1.68179 16
1.3 2 16
1.3 2.37841 16
1.3 2.82843 16
1.3 3.36359 16
1.3 4 16
1.3 4.75683 16
1.3 5.65685 16
1.3 6.72717 16
1.3 8 16
1.3 9.51366 16
1.3 11.3137 42.2693
1.3 13.4543 114.812
1.3 16 312.387
1.3 19.0273 899.273
1.3 22.6274 3248.95
1.3 26.9087 nan
1.3 32 nan
1.3 38.0546 nan
1.3 45.2548 nan
1.3 53.8174 nan
1.3 64 nan
1.3 76.1093 nan
1.3 90.5097 nan
1.3 107.635 nan
1.3 128 nan
1.3 152.219 nan
1.3 181.019 nan
1.3 215.269 nan
1.3 256 nan
1.3 304.437 nan
1.3 362.039 nan
1.3 430.539 nan
1.3 512 nan
1.3 608.874 nan
1.3 724.077 nan
1.3 861.078 nan
1.3 1024 nan
1.3 1217.75 nan
1.3 1448.15 nan
1.3 1722.16 nan
1.3 2048 nan
1.3 2435.5 nan
1.3 2896.31 nan
1.3 3444.31 nan

1.4 1.18921 16
1.4 1.41421 16
1.4 1.68179 16
1.4 2 16
1.4 2.37841 16
1.4 2.82843 16
1.4 3.36359 16
1.4 4 16
1.4 4.75683 16
1.4 5.65685 16
1.4 6.72717 16
1.4 8 16
1.4 9.51366 16
1.4 11.3137 34.9424
1.4 13.4543 80.5452
1.4 16 180.815
1.4 19.0273 410.718
1.4 22.6274 961.821
1.4 26.9087 2547.29
1.4 32 nan
1.4 38.0546 nan
1.4 45.2548 nan
1.4 53.8174 nan
1.4 64 nan
1.4 76.1093 nan
1.4 90.5097 nan
1.4 107.635 nan
1.4 128 nan
1.4 152.219 nan
1.4 181.019 nan
1.4 215.269 nan
1.4 256 nan
1.4 304.437 nan
1.4 362.039 nan
1.4 430.539 nan
1.4 512 nan
1.4 608.874 nan
1.4 724.077 nan
1.4 861.078 nan
1.4 1024 nan
1.4 1217.75 nan
1.4 1448.15 nan
1.4 1722.16 nan
1.4 2048 nan
1.4 2435.5 nan
1.4 2896.31 nan
1.4 3444.31 nan

1.5 1.18921 16
1.5 1.41421 16
1.5 1.68179 8
1.5 2 8
1.5 2.37841 8
1.5 2.82843 8
1.5 3.36359 8
1.5 4 8
1.5 4.75683 8
1.5 5.65685 8
1.5 6.72717 8
1.5 8 8
1.5 9.51366 8
1.5 11.3137 29.6092
1.5 13.4543 61.2962
1.5 16 121.045
1.5 19.0273 237.973
1.5 22.6274 471.649
1.5 26.9087 953.011
1.5 32 2018.09
1.5 38.0546 nan
1.5 45.2548 nan
1.5 53.8174 nan
1.5 64 nan
1.5 76.1093 nan
1.5 90.5097 nan
1.5 107.635 nan
1.5 128 nan
1.5 152.219 nan
1.5 181.019 nan
1.5 215.269 nan
1.5 256 nan
1.5 304.437 nan
1.5 362.039 nan
1.5 430.539 nan
1.5 512 nan
1.5 608.874 nan
1.5 724.077 nan
1.5 861.078 nan
1.5 1024 nan
1.5 1217.75 nan
1.5 1448.15 nan
1.5 1722.16 nan
1.5 2048 nan
1.5 2435.5 nan
1.5 2896.31 nan
1.5 3444.31 nan

1.6 1.18921 8
1.6 1.41421 8
1.6 1.68179 8
1.6 2 8
1.6 2.37841 8
1.6 2.82843 8
1.6 3.36359 8
1.6 4 8
1.6 4.75683 8
1.6 5.65685 8
1.6 6.72717 8
1.6 8 8
1.6 9.51366 8
1.6 11.3137 25.5373
1.6 13.4543 49.0007
1.6 16 88.7871
1.6 19.0273 158.465
1.6 22.6274 282.08
1.6 26.9087 503.672
1.6 32 913.959
1.6 38.0546 1715.18
1.6 45.2548 3545.57
1.6 53.8174 nan
1.6 64 nan
1.6 76.1093 nan
1.6 90.5097 nan
1.6 107.635 nan
1.6 128 nan
1.6 152.219 nan
1.6 181.019 nan
1.6 215.269 nan
1.6 256 nan
1.6 304.437 nan
1.6 362.039 nan
1.6 430.539 nan
1.6 512 nan
1.6 608.874 nan
1.6 724.077 nan
1.6 861.078 nan
1.6 1024 nan
1.6 1217.75 nan
1.6 1448.15 nan
1.6 1722.16 nan
1.6 2048 nan
1.6 2435.5 nan
1.6 2896.31 nan
1.6 3444.31 nan

1.7 1.18921 8
1.7 1.41421 8
1.7 1.68179 8
1.7 2 8
1.7 2.37841 8
1.7 2.82843 8
1.7 3.36359 8
1.7 4 8
1.7 4.75683 8
1.7 5.65685 8
1.7 6.72717 8
1.7 8 8
1.7 9.51366 8
1.7 11.3137 22.6585
1.7 13.4543 40.895
1.7 16 69.3608
1.7 19.0273 115.022
1.7 22.6274 189.929
1.7 26.9087 313.529
1.7 32 517.345
1.7 38.0546 865.841
1.7 45.2548 1484.36
1.7 53.8174 2681.81
1.7 64 nan
1.7 76.1093 nan
1.7 90.5097 nan
1.7 107.635 nan
1.7 128 nan
1.7 152.219 nan
1.7 181.019 nan
1.7 215.269 nan
1.7 256 nan
1.7 304.437 nan
1.7 362.039 nan
1.7 430.539 nan
1.7 512 nan
1.7 608.874 nan
1.7 724.077 nan
1.7 861.078 nan
1.7 1024 nan
1.7 1217.75 nan
1.7 1448.15 nan
1.7 1722.16 nan
1.7 2048 nan
1.7 2435.5 nan
1.7 2896.31 nan
1.7 3444.31 nan

1.8 1.18921 8
1.8 1.41421 8
1.8 1.68179 8
1.8 2 8
1.8 2.37841 8
1.8 2.82843 8
1.8 3.36359 8
1.8 4 8
1.8 4.75683 8
1.8 5.65685 8
1.8 6.72717 8
1.8 8 8
1.8 9.51366 8
1.8 11.3137 20.5207
1.8 13.4543 35.2281
1.8 16 56.3791
1.8 19.0273 88.7206
1.8 22.6274 138.521
1.8 26.9087 215.202
1.8 32 334.888
1.8 38.0546 520.005
1.8 45.2548 818.074
1.8 53.8174 1306.34
1.8 64 2097.01
1.8 76.1093 3711.96
1.8 90.5097 nan
1.8 107.635 nan
1.8 128 nan
1.8 152.219 nan
1.8 181.019 nan
1.8 215.269 nan
1.8 256 nan
1.8 304.437 nan
1.8 362.039 nan
1.8 430.539 nan
1.8 512 nan
1.8 608.874 nan
1.8 724.077 nan
1.8 861.078 nan
1.8 1024 nan
1.8 1217.75 nan
1.8 1448.15 nan
1.8 1722.16 nan
1.8 2048 nan
1.8 2435.5 nan
1.8 2896.31 nan
1.8 3444.31 nan

1.9 1.18921 8
1.9 1.41421 8
1.9 1.68179 8
1.9 2 8
1.9 2.37841 8
1.9 2.82843 8
1.9 3.36359 8
1.9 4 8
1.9 4.75683 8
1.9 5.65685 8
1.9 6.72717 8
1.9 8 8
1.9 9.51366 8
1.9 11.3137 18.8705
1.9 13.4543 30.9191
1.9 16 47.3173
1.9 19.0273 71.6133
1.9 22.6274 106.776
1.9 26.9087 158.755
1.9 32 235.09
1.9 38.0546 349.087
1.9 45.2548 516.41
1.9 53.8174 774.348
1.9 64 1166.26
1.9 76.1093 1781.61
1.9 90.5097 2905.47
1.9 107.635 nan
1.9 128 nan
1.9 152.219 nan
1.9 181.019 nan
1.9 215.269 nan
1.9 256 nan
1.9 304.437 nan
1.9 362.039 nan
1.9 430.539 nan
1.9 512 nan
1.9 608.874 nan
1.9 724.077 nan
1.9 861.078 nan
1.9 1024 nan
1.9 1217.75 nan
1.9 1448.15 nan
1.9 1722.16 nan
1.9 2048 nan
1.9 2435.5 nan
1.9 2896.31 nan
1.9 3444.31 nan

2 1.18921 8
2 1.41421 8
2 1.68179 8
2 2 8
2 2.37841 8
2 2.82843 8
2 3.36359 8
2 4 8
2 4.75683 8
2 5.65685 8
2 6.72717 8
2 8 8
2 9.51366 8
2 11.3137 17.5561
2 13.4543 27.3074
2 16 40.8152
2 19.0273 59.6292
2 22.6274 85.8845
2 26.9087 123.152
2 32 175.962
2 38.0546 250.677
2 45.2548 358.434
2 53.8174 509.845
2 64 735.791
2 76.1093 1053.56
2 90.5097 1558.72
2 107.635 2331.17
2 128 3662.42
2 152.219 nan
2 181.019 nan
2 215.269 nan
2 256 nan
2 304.437 nan
2 362.039 nan
2 430.539 nan
2 512 nan
2 608.874 nan
2 724.077 nan
2 861.078 nan
2 1024 nan
2 1217.75 nan
2 1448.15 nan
2 1722.16 nan
2 2048 nan
2 2435.5 nan
2 2896.31 nan
2 3444.31 nan

2.1 1.18921 8
2.1 1.41421 8
2.1 1.68179 8
2.1 2 8
2.1 2.37841 8
2.1 2.82843 8
2.1 3.36359 8
2.1 4 8
2.1 4.75683 8
2.1 5.65685 8
2.1 6.72717 8
2.1 8 8
2.1 9.51366 8
2.1 11.3137 16.4818
2.1 13.4543 24.567
2.1 16 35.9616
2.1 19.0273 50.8043
2.1 22.6274 71.3934
2.1 26.9087 99.2425
2.1 32 137.764
2.1 38.0546 190.563
2.1 45.2548 263.181
2.1 53.8174 364.61
2.1 64 502.453
2.1 76.1093 702.463
2.1 90.5097 971.298
2.1 107.635 1388.44
2.1 128 1946.72
2.1 152.219 2980.05
2.1 181.019 nan
2.1 215.269 nan
2.1 256 nan
2.1 304.437 nan
2.1 362.039 nan
2.1 430.539 nan
2.1 512 nan
2.1 608.874 nan
2.1 724.077 nan
2.1 861.078 nan
2.1 1024 nan
2.1 1217.75 nan
2.1 1448.15 nan
2.1 1722.16 nan
2.1 2048 nan
2.1 2435.5 nan
2.1 2896.31 nan
2.1 3444.31 nan

2.2 1.18921 8
2.2 1.41421 8
2.2 1.68179 8
2.2 2 8
2.2 2.37841 8
2.2 2.82843 8
2.2 3.36359 8
2.2 4 8
2.2 4.75683 8
2.2 5.65685 8
2.2 6.72717 8
2.2 8 8
2.2 9.51366 8
2.2 11.3137 15.0109
2.2 13.4543 22.4227
2.2 16 32.218
2.2 19.0273 44.2586
2.2 22.6274 60.7604
2.2 26.9087 82.4885
2.2 32 111.606
2.2 38.0546 150.771
2.2 45.2548 203.038
2.2 53.8174 273.402
2.2 64 368.808
2.2 76.1093 495.023
2.2 90.5097 674.038
2.2 107.635 908.771
2.2 128 1254.67
2.2 152.219 1724.82
2.2 181.019 2466.3
2.2 215.269 3599.4
2.2 256 nan
2.2 304.437 nan
2.2 362.039 nan
2.2 430.539 nan
2.2 512 nan
2.2 608.874 nan
2.2 724.077 nan
2.2 861.078 nan
2.2 1024 nan
2.2 1217.75 nan
2.2 1448.15 nan
2.2 1722.16 nan
2.2 2048 nan
2.2 2435.5 nan
2.2 2896.31 nan
2.2 3444.31 nan

2.3 1.18921 8
2.3 1.41421 8
2.3 1.68179 8
2.3 2 8
2.3 2.37841 8
2.3 2.82843 8
2.3 3.36359 8
2.3 4 8
2.3 4.75683 8
2.3 5.65685 8
2.3 6.72717 8
2.3 8 8
2.3 9.51366 8
2.3 11.3137 13.5195
2.3 13.4543 20.7014
2.3 16 28.9017
2.3 19.0273 39.245
2.3 22.6274 52.6143
2.3 26.9087 70.254
2.3 32 93.0131
2.3 38.0546 123.01
2.3 45.2548 162.422
2.3 53.8174 213.843
2.3 64 281.92
2.3 76.1093 371.874
2.3 90.5097 488.185
2.3 107.635 650.096
2.3 128 858.336
2.3 152.219 1147.12
2.3 181.019 1554.23
2.3 215.269 2061.69
2.3 256 3033.92
2.3 304.437 nan
2.3 362.039 nan
2.3 430.539 nan
2.3 512 nan
2.3 608.874 nan
2.3 724.077 nan
2.3 861.078 nan
2.3 1024 nan
2.3 1217.75 nan
2.3 1448.15 nan
2.3 1722.16 nan
2.3 2048 nan
2.3 2435.5 nan
2.3 2896.31 nan
2.3 3444.31 nan

2.4 1.18921 8
2.4 1.41421 8
2.4 1.68179 8
2.4 2 8
2.4 2.37841 8
2.4 2.82843 8
2.4 3.36359 8
2.4 4 8
2.4 4.75683 8
2.4 5.65685 8
2.4 6.72717 8
2.4 8 8
2.4 9.51366 8.12067
2.4 11.3137 13.2075
2.4 13.4543 19.2895
2.4 16 26.2599
2.4 19.0273 35.2992
2.4 22.6274 46.379
2.4 26.9087 60.9034
2.4 32 79.3135
2.4 38.0546 102.965
2.4 45.2548 133.573
2.4 53.8174 172.962
2.4 64 223.387
2.4 76.1093 289.307
2.4 90.5097 374.421
2.4 107.635 482.333
2.4 128 630.256
2.4 152.219 817.72
2.4 181.019 1059.07
2.4 215.269 1420.41
2.4 256 1855.1
2.4 304.437 2590.41
2.4 362.039 3593.55
2.4 430.539 nan
2.4 512 nan
2.4 608.874 nan
2.4 724.077 nan
2.4 861.078 nan
2.4 1024 nan
2.4 1217.75 nan
2.4 1448.15 nan
2.4 1722.16 nan
2.4 2048 nan
2.4 2435.5 nan
2.4 2896.31 nan
2.4 3444.31 nan

2.5 1.18921 8
2.5 1.41421 8
2.5 1.68179 8
2.5 2 8
2.5 2.37841 8
2.5 2.82843 8
2.5 3.36359 8
2.5 4 8
2.5 4.75683 8
2.5 5.65685 8
2.5 6.72717 8
2.5 8 8
2.5 9.51366 8.03574
2.5 11.3137 12.4659
2.5 13.4543 18.1099
2.5 16 24.1273
2.5 19.0273 32.1209
2.5 22.6274 41.4804
2.5 26.9087 53.5304
2.5 32 68.8896
2.5 38.0546 88.0448
2.5 45.2548 112.391
2.5 53.8174 143.436
2.5 64 182.64
2.5 76.1093 232.028
2.5 90.5097 296.025
2.5 107.635 376.915
2.5 128 477.737
2.5 152.219 614.224
2.5 181.019 785.325
2.5 215.269 994.801
2.5 256 1314.01
2.5 304.437 1699.7
2.5 362.039 2231.9
2.5 430.539 3133.21
2.5 512 nan
2.5 608.874 nan
2.5 724.077 nan
2.5 861.078 nan
2.5 1024 nan
2.5 1217.75 nan
2.5 1448.15 nan
2.5 1722.16 nan
2.5 2048 nan
2.5 2435.5 nan
2.5 2896.31 nan
2.5 3444.31 nan

2.6 1.18921 8
2.6 1.41421 8
2.6 1.68179 8
2.6 2 8
2.6 2.37841 8
2.6 2.82843 8
2.6 3.36359 8
2.6 4 8
2.6 4.75683 8
2.6 5.65685 8
2.6 6.72717 8
2.6 8 8
2.6 9.51366 8
2.6 11.3137 11.8527
2.6 13.4543 17.1086
2.6 16 22.3722
2.6 19.0273 29.2463
2.6 22.6274 37.545
2.6 26.9087 47.729
2.6 32 60.6461
2.6 38.0546 76.6075
2.6 45.2548 96.471
2.6 53.8174 121.37
2.6 64 152.743
2.6 76.1093 191.689
2.6 90.5097 240.08
2.6 107.635 302.462
2.6 128 379.727
2.6 152.219 474.605
2.6 181.019 601.825
2.6 215.269 760.056
2.6 256 950.333
2.6 304.437 1228.98
2.6 362.039 1579.19
2.6 430.539 1985.14
2.6 512 2766.51
2.6 608.874 3691.08
2.6 724.077 nan
2.6 861.078 nan
2.6 1024 nan
2.6 1217.75 nan
2.6 1448.15 nan
2.6 1722.16 nan
2.6 2048 nan
2.6 2435.5 nan
2.6 2896.31 nan
2.6 3444.31 nan

2.7 1.18921 8
2.7 1.41421 8
2.7 1.68179 8
2.7 2 8
2.7 2.37841 8
2.7 2.82843 8
2.7 3.36359 8
2.7 4 8
2.7 4.75683 8
2.7 5.65685 8
2.7 6.72717 8
2.7 8 8
2.7 9.51366 8
2.7 11.3137 11.3356
2.7 13.4543 16.2469
2.7 16 20.9037
2.7 19.0273 26.886
2.7 22.6274 34.3211
2.7 26.9087 43.0664
2.7 32 54.0062
2.7 38.0546 67.6087
2.7 45.2548 84.1688
2.7 53.8174 104.641
2.7 64 130.029
2.7 76.1093 161.656
2.7 90.5097 200.335
2.7 107.635 247.824
2.7 128 308.963
2.7 152.219 383.181
2.7 181.019 473.131
2.7 215.269 593.008
2.7 256 741.213
2.7 304.437 916.542
2.7 362.039 1161.54
2.7 430.539 1486.33
2.7 512 1855.56
2.7 608.874 2471.95
2.7 724.077 3337.85
2.7 861.078 nan
2.7 1024 nan
2.7 1217.75 nan
2.7 1448.15 nan
2.7 1722.16 nan
2.7 2048 nan
2.7 2435.5 nan
2.7 2896.31 nan
2.7 3444.31 nan

2.8 1.18921 8
2.8 1.41421 8
2.8 1.68179 8
2.8 2 8
2.8 2.37841 8
2.8 2.82843 8
2.8 3.36359 8
2.8 4 8
2.8 4.75683 8
2.8 5.65685 8
2.8 6.72717 8
2.8 8 8
2.8 9.51366 8
2.8 11.3137 10.8924
2.8 13.4543 15.2874
2.8 16 19.6569
2.8 19.0273 24.9252
2.8 22.6274 31.5984
2.8 26.9087 39.2486
2.8 32 48.6573
2.8 38.0546 60.2947
2.8 45.2548 74.4317
2.8 53.8174 91.6083
2.8 64 112.625
2.8 76.1093 138.571
2.8 90.5097 170.343
2.8 107.635 208.795
2.8 128 255.523
2.8 152.219 315.848
2.8 181.019 387.579
2.8 215.269 473.519
2.8 256 587.864
2.8 304.437 728.422
2.8 362.039 892.241
2.8 430.539 1109.57
2.8 512 1416.7
2.8 608.874 1760.03
2.8 724.077 2238.46
2.8 861.078 3067.2
2.8 1024 3954.35
2.8 1217.75 nan
2.8 1448.15 nan
2.8 1722.16 nan
2.8 2048 nan
2.8 2435.5 nan
2.8 2896.31 nan
2.8 3444.31 nan

2.9 1.18921 8
2.9 1.41421 8
2.9 1.68179 8
2.9 2 8
2.9 2.37841 8
2.9 2.82843 8
2.9 3.36359 8
2.9 4 8
2.9 4.75683 8
2.9 5.65685 8
2.9 6.72717 8
2.9 8 8
2.9 9.51366 8
2.9 11.3137 10.5069
2.9 13.4543 14.397
2.9 16 18.5848
2.9 19.0273 23.2724
2.9 22.6274 29.1347
2.9 26.9087 36.0704
2.9 32 44.2721
2.9 38.0546 54.3067
2.9 45.2548 66.5531
2.9 53.8174 81.2278
2.9 64 98.979
2.9 76.1093 120.504
2.9 90.5097 147.037
2.9 107.635 178.975
2.9 128 217.285
2.9 152.219 264.074
2.9 181.019 323.434
2.9 215.269 393.227
2.9 256 476.005
2.9 304.437 586.636
2.9 362.039 721.596
2.9 430.539 876.777
2.9 512 1072.29
2.9 608.874 1367.92
2.9 724.077 1693.81
2.9 861.078 2062.32
2.9 1024 2870.02
2.9 1217.75 3733.24
2.9 1448.15 nan
2.9 1722.16 nan
2.9 2048 nan
2.9 2435.5 nan
2.9 2896.31 nan
2.9 3444.31 nan

3.02839 1.18921 8
3.02839 1.41421 8
3.02839 1.68179 8
3.02839 2 8
3.02839 2.37841 8
3.02839 2.82843 8
3.02839 3.36359 8
3.02839 4 8
3.02839 4.75683 8
3.02839 5.65685 8
3.02839 6.72717 8
3.02839 8 8
3.02839 9.51366 8
3.02839 11.3137 10.0786
3.02839 13.4543 13.4533
3.02839 16 17.4092
3.02839 19.0273 21.4974
3.02839 22.6274 26.5373
3.02839 26.9087 32.696
3.02839 32 39.6926
3.02839 38.0546 48.1461
3.02839 45.2548 58.3733
3.02839 53.8174 70.6751
3.02839 64 85.3259
3.02839 76.1093 102.863
3.02839 90.5097 123.908
3.02839 107.635 149.815
3.02839 128 180.554
3.02839 152.219 217.018
3.02839 181.019 260.953
3.02839 215.269 317.221
3.02839 256 382.42
3.02839 304.437 458.705
3.02839 362.039 557.146
3.02839 430.539 683.275
3.02839 512 825.661
3.02839 608.874 988.357
3.02839 724.077 1250.5
3.02839 861.078 1556.64
3.02839 1024 1889.4
3.02839 1217.75 2488.84
3.02839 1448.15 3334.23
3.02839 1722.16 nan
3.02839 2048 nan
3.02839 2435.5 nan
3.02839 2896.31 nan
3.02839 3444.31 nan

3.16247 1.18921 8
3.16247 1.41421 8
3.16247 1.68179 8
3.16247 2 8
3.16247 2.37841 8
3.16247 2.82843 8
3.16247 3.36359 8
3.16247 4 8
3.16247 4.75683 8
3.16247 5.65685 8
3.16247 6.72717 8
3.16247 8 8
3.16247 9.51366 8
3.16247 11.3137 9.69379
3.16247 13.4543 12.6461
3.16247 16 16.3691
3.16247 19.0273 19.962
3.16247 22.6274 24.3338
3.16247 26.9087 29.6566
3.16247 32 35.8401
3.16247 38.0546 43.0487
3.16247 45.2548 51.6722
3.16247 53.8174 62.001
3.16247 64 74.3162
3.16247 76.1093 88.8729
3.16247 90.5097 106.137
3.16247 107.635 126.664
3.16247 128 152.021
3.16247 152.219 181.676
3.16247 181.019 216.5
3.16247 215.269 257.824
3.16247 256 311.737
3.16247 304.437 373.352
3.16247 362.039 444.514
3.16247 430.539 531.855
3.16247 512 652.312
3.16247 608.874 786.137
3.16247 724.077 936.381
3.16247 861.078 1155.44
3.16247 1024 1451.73
3.16247 1217.75 1769.92
3.16247 1448.15 2192.79
3.16247 1722.16 3036.54
3.16247 2048 3926.73
3.16247 2435.5 nan
3.16247 2896.31 nan
3.16247 3444.31 nan

3.30249 1.18921 4
3.30249 1.41421 4
3.30249 1.68179 4
3.30249 2 4
3.30249 2.37841 4
3.30249 2.82843 4
3.30249 3.36359 4
3.30249 4 4
3.30249 4.75683 4
3.30249 5.65685 4
3.30249 6.72717 4
3.30249 8 4
3.30249 9.51366 4
3.30249 11.3137 9.34493
3.30249 13.4543 11.9471
3.30249 16 15.2717
3.30249 19.0273 18.6208
3.30249 22.6274 22.4449
3.30249 26.9087 27.0467
3.30249 32 32.5534
3.30249 38.0546 38.7742
3.30249 45.2548 46.1372
3.30249 53.8174 54.8678
3.30249 64 65.2453
3.30249 76.1093 77.5649
3.30249 90.5097 91.9994
3.30249 107.635 108.98
3.30249 128 129.079
3.30249 152.219 153.986
3.30249 181.019 182.75
3.30249 215.269 216.223
3.30249 256 255.407
3.30249 304.437 307.689
3.30249 362.039 366.807
3.30249 430.539 434.256
3.30249 512 512.032
3.30249 608.874 629.695
3.30249 724.077 758.87
3.30249 861.078 901.705
3.30249 1024 1086.76
3.30249 1217.75 1380.74
3.30249 1448.15 1695.49
3.30249 1722.16 2030.1
3.30249 2048 2860.51
3.30249 2435.5 3781.48
3.30249 2896.31 nan
3.30249 3444.31 nan

3.4487 1.18921 4
3.4487 1.41421 4
3.4487 1.68179 4
3.4487 2 4
3.4487 2.37841 4
3.4487 2.82843 4
3.4487 3.36359 4
3.4487 4 4
3.4487 4.75683 4
3.4487 5.65685 4
3.4487 6.72717 4
3.4487 8 4
3.4487 9.51366 4
3.4487 11.3137 9.0261
3.4487 13.4543 11.3352
3.4487 16 14.2328
3.4487 19.0273 17.438
3.4487 22.6274 20.8095
3.4487 26.9087 24.8237
3.4487 32 29.6062
3.4487 38.0546 35.1391
3.4487 45.2548 41.5042
3.4487 53.8174 48.9799
3.4487 64 57.7756
3.4487 76.1093 68.2235
3.4487 90.5097 80.539
3.4487 107.635 94.864
3.4487 128 111.597
3.4487 152.219 131.485
3.4487 181.019 156.068
3.4487 215.269 184.208
3.4487 256 216.691
3.4487 304.437 254.44
3.4487 362.039 305.853
3.4487 430.539 363.627
3.4487 512 428.82
3.4487 608.874 503.213
3.4487 724.077 617.068
3.4487 861.078 745.143
3.4487 1024 885.223
3.4487 1217.75 1051.76
3.4487 1448.15 1349.23
3.4487 1722.16 1669.18
3.4487 2048 2008.36
3.4487 2435.5 2833.85
3.4487 2896.31 3800.17
3.4487 3444.31 nan

3.60139 1.18921 4
3.60139 1.41421 4
3.60139 1.68179 4
3.60139 2 4
3.60139 2.37841 4
3.60139 2.82843 4
3.60139 3.36359 4
3.60139 4 4
3.60139 4.75683 4
3.60139 5.65685 4
3.60139 6.72717 4
3.60139 8 4
3.60139 9.51366 4
3.60139 11.3137 8.73256
3.60139 13.4543 10.7942
3.60139 16 13.3403
3.60139 19.0273 16.3847
3.60139 22.6274 19.3799
3.60139 26.9087 22.9112
3.60139 32 27.0785
3.60139 38.0546 31.9996
3.60139 45.2548 37.5719
3.60139 53.8174 44.0561
3.60139 64 51.6207
3.60139 76.1093 60.4611
3.60139 90.5097 71.0401
3.60139 107.635 83.3833
3.60139 128 97.6515
3.60139 152.219 114.22
3.60139 181.019 134.144
3.60139 215.269 158.663
3.60139 256 186.517
3.60139 304.437 218.443
3.60139 362.039 255.312
3.60139 430.539 307.146
3.60139 512 364.78
3.60139 608.874 429.231
3.60139 724.077 502.108
3.60139 861.078 616.912
3.60139 1024 747.045
3.60139 1217.75 888.619
3.60139 1448.15 1058.98
3.60139 1722.16 1365.05
3.60139 2048 1696.88
3.60139 2435.5 2052.95
3.60139 2896.31 2976.4
3.60139 3444.31 3999.82

3.76083 1.18921 4
3.76083 1.41421 4
3.76083 1.68179 4
3.76083 2 4
3.76083 2.37841 4
3.76083 2.82843 4
3.76083 3.36359 4
3.76083 4 4
3.76083 4.75683 4
3.76083 5.65685 4
3.76083 6.72717 4
3.76083 8 4
3.76083 9.51366 4
3.76083 11.3137 8.46047
3.76083 13.4543 10.3116
3.76083 16 12.5653
3.76083 19.0273 15.3099
3.76083 22.6274 18.1177
3.76083 26.9087 21.2497
3.76083 32 24.9138
3.76083 38.0546 29.2039
3.76083 45.2548 34.1822
3.76083 53.8174 39.8811
3.76083 64 46.4746
3.76083 76.1093 54.123
3.76083 90.5097 63.0101
3.76083 107.635 73.8323
3.76083 128 86.27
3.76083 152.219 100.574
3.76083 181.019 117.103
3.76083 215.269 137.446
3.76083 256 162.222
3.76083 304.437 190.194
3.76083 362.039 222.068
3.76083 430.539 259.469
3.76083 512 312.685
3.76083 608.874 371.422
3.76083 724.077 436.7
3.76083 861.078 509.986
3.76083 1024 632.345
3.76083 1217.75 767.332
3.76083 1448.15 914.225
3.76083 1722.16 1114.87
3.76083 2048 1434.64
3.76083 2435.5 1783.79
3.76083 2896.31 2305.48
3.76083 3444.31 3289.9

3.92734 1.18921 4
3.92734 1.41421 4
3.92734 1.68179 4
3.92734 2 4
3.92734 2.37841 4
3.92734 2.82843 4
3.92734 3.36359 4
3.92734 4 4
3.92734 4.75683 4
3.92734 5.65685 4
3.92734 6.72717 4
3.92734 8 4
3.92734 9.51366 4
3.92734 11.3137 8.20659
3.92734 13.4543 9.87748
3.92734 16 11.8858
3.92734 19.0273 14.3007
3.92734 22.6274 16.9918
3.92734 26.9087 19.7921
3.92734 32 23.0418
3.92734 38.0546 26.8175
3.92734 45.2548 31.2076
3.92734 53.8174 36.2856
3.92734 64 42.1127
3.92734 76.1093 48.8227
3.92734 90.5097 56.5693
3.92734 107.635 65.6591
3.92734 128 76.7663
3.92734 152.219 89.4011
3.92734 181.019 103.872
3.92734 215.269 120.534
3.92734 256 141.85
3.92734 304.437 167.266
3.92734 362.039 195.831
3.92734 430.539 228.233
3.92734 512 268.41
3.92734 608.874 323.789
3.92734 724.077 384.896
3.92734 861.078 452.629
3.92734 1024 537.02
3.92734 1217.75 666.411
3.92734 1448.15 808.798
3.92734 1722.16 964.432
3.92734 2048 1221.28
3.92734 2435.5 1559.61
3.92734 2896.31 1930.5
3.92734 3444.31 2704.2

4.10122 1.18921 4
4.10122 1.41421 4
4.10122 1.68179 4
4.10122 2 4
4.10122 2.37841 4
4.10122 2.82843 4
4.10122 3.36359 4
4.10122 4 4
4.10122 4.75683 4
4.10122 5.65685 4
4.10122 6.72717 4
4.10122 8 4
4.10122 9.51366 4
4.10122 11.3137 7.82956
4.10122 13.4543 9.48387
4.10122 16 11.2848
4.10122 19.0273 13.4257
4.10122 22.6274 15.9716
4.10122 26.9087 18.5
4.10122 32 21.4071
4.10122 38.0546 24.7608
4.10122 45.2548 28.6339
4.10122 53.8174 33.1316
4.10122 64 38.3576
4.10122 76.1093 44.3299
4.10122 90.5097 51.181
4.10122 107.635 59.0607
4.10122 128 68.6014
4.10122 152.219 80.0414
4.10122 181.019 93.013
4.10122 215.269 107.826
4.10122 256 124.838
4.10122 304.437 147.901
4.10122 362.039 174.396
4.10122 430.539 204.1
4.10122 512 237.696
4.10122 608.874 283.362
4.10122 724.077 341.883
4.10122 861.078 406.653
4.10122 1024 478.516
4.10122 1217.75 583.638
4.10122 1448.15 721.107
4.10122 1722.16 873.283
4.10122 2048 1052.78
4.10122 2435.5 1375.55
4.10122 2896.31 1736.28
4.10122 3444.31 2234.11

4.2828 1.18921 4
4.2828 1.41421 4
4.2828 1.68179 4
4.2828 2 4
4.2828 2.37841 4
4.2828 2.82843 4
4.2828 3.36359 4
4.2828 4 4
4.2828 4.75683 4
4.2828 5.65685 4
4.2828 6.72717 4
4.2828 8 4
4.2828 9.51366 4
4.2828 11.3137 6.87752
4.2828 13.4543 9.12431
4.2828 16 10.7487
4.2828 19.0273 12.6601
4.2828 22.6274 14.9099
4.2828 26.9087 17.3415
4.2828 32 19.9648
4.2828 38.0546 22.9711
4.2828 45.2548 26.4215
4.2828 53.8174 30.3855
4.2828 64 35.0649
4.2828 76.1093 40.4624
4.2828 90.5097 46.6129
4.2828 107.635 53.6487
4.2828 128 61.7185
4.2828 152.219 71.9759
4.2828 181.019 83.8945
4.2828 215.269 97.3823
4.2828 256 112.757
4.2828 304.437 131.023
4.2828 362.039 156.217
4.2828 430.539 184.291
4.2828 512 215.759
4.2828 608.874 251.308
4.2828 724.077 305.598
4.2828 861.078 368.286
4.2828 1024 438.044
4.2828 1217.75 517.654
4.2828 1448.15 649.204
4.2828 1722.16 796.792
4.2828 2048 961.004
4.2828 2435.5 1225.42
4.2828 2896.31 1572.57
4.2828 3444.31 1958.21

4.47241 1.18921 4
4.47241 1.41421 4
4.47241 1.68179 4
4.47241 2 4
4.47241 2.37841 4
4.47241 2.82843 4
4.47241 3.36359 4
4.47241 4 4
4.47241 4.75683 4
4.47241 5.65685 4
4.47241 6.72717 4
4.47241 8 4
4.47241 9.51366 4
4.47241 11.3137 6.25867
4.47241 13.4543 8.7934
4.47241 16 10.2668
4.47241 19.0273 11.9845
4.47241 22.6274 13.988
4.47241 26.9087 16.2894
4.47241 32 18.6778
4.47241 38.0546 21.3976
4.47241 45.2548 24.5015
4.47241 53.8174 28.0485
4.47241 64 32.1138
4.47241 76.1093 37.0719
4.47241 90.5097 42.6811
4.47241 107.635 49.0609
4.47241 128 56.3456
4.47241 152.219 64.8159
4.47241 181.019 76.0249
4.47241 215.269 88.6047
4.47241 256 102.831
4.47241 304.437 119.037
4.47241 362.039 140.437
4.47241 430.539 167.461
4.47241 512 197.678
4.47241 608.874 231.616
4.47241 724.077 275.52
4.47241 861.078 336.031
4.47241 1024 403.976
4.47241 1217.75 480.083
4.47241 1448.15 590.749
4.47241 1722.16 732.893
4.47241 2048 892.487
4.47241 2435.5 1101.18
4.47241 2896.31 1433.96
4.47241 3444.31 1807.17

4.67042 1.18921 4
4.67042 1.41421 4
4.67042 1.68179 4
4.67042 2 4
4.67042 2.37841 4
4.67042 2.82843 4
4.67042 3.36359 4
4.67042 4 4
4.67042 4.75683 4
4.67042 5.65685 4
4.67042 6.72717 4
4.67042 8 4
4.67042 9.51366 4
4.67042 11.3137 5.82917
4.67042 13.4543 8.48661
4.67042 16 9.83032
4.67042 19.0273 11.3837
4.67042 22.6274 13.1806
4.67042 26.9087 15.26
4.67042 32 17.5145
4.67042 38.0546 19.9987
4.67042 45.2548 22.8183
4.67042 53.8174 26.025
4.67042 64 29.6766
4.67042 76.1093 34.0354
4.67042 90.5097 39.2362
4.67042 107.635 45.1144
4.67042 128 51.7939
4.67042 152.219 59.4143
4.67042 181.019 69.0483
4.67042 215.269 81.0305
4.67042 256 94.495
4.67042 304.437 109.731
4.67042 362.039 127.093
4.67042 430.539 152.933
4.67042 512 182.288
4.67042 608.874 215.279
4.67042 724.077 252.479
4.67042 861.078 309.263
4.67042 1024 375.11
4.67042 1217.75 449.454
4.67042 1448.15 542.596
4.67042 1722.16 679.19
4.67042 2048 833.488
4.67042 2435.5 1006.82
4.67042 2896.31 1314.87
4.67042 3444.31 1675.3

4.8772 1.18921 4
4.8772 1.41421 4
4.8772 1.68179 4
4.8772 2 4
4.8772 2.37841 4
4.8772 2.82843 4
4.8772 3.36359 4
4.8772 4 4
4.8772 4.75683 4
4.8772 5.65685 4
4.8772 6.72717 4
4.8772 8 4
4.8772 9.51366 4
4.8772 11.3137 5.51662
4.8772 13.4543 8.19996
4.8772 16 9.4319
4.8772 19.0273 10.8452
4.8772 22.6274 12.468
4.8772 26.9087 14.3322
4.8772 32 16.4472
4.8772 38.0546 18.7389
4.8772 45.2548 21.3261
4.8772 53.8174 24.2552
4.8772 64 27.5774
4.8772 76.1093 31.3504
4.8772 90.5097 36.1549
4.8772 107.635 41.6608
4.8772 128 47.884
4.8772 152.219 54.9558
4.8772 181.019 63.0244
4.8772 215.269 74.3369
4.8772 256 87.3106
4.8772 304.437 101.928
4.8772 362.039 118.501
4.8772 430.539 140.507
4.8772 512 169.036
4.8772 608.874 201.281
4.8772 724.077 237.745
4.8772 861.078 287.164
4.8772 1024 350.715
4.8772 1217.75 422.917
4.8772 1448.15 504.841
4.8772 1722.16 633.239
4.8772 2048 782.222
4.8772 2435.5 950.128
4.8772 2896.31 1210.9
4.8772 3444.31 1558.93

5.09313 1.18921 4
5.09313 1.41421 4
5.09313 1.68179 4
5.09313 2 4
5.09313 2.37841 4
5.09313 2.82843 4
5.09313 3.36359 4
5.09313 4 4
5.09313 4.75683 4
5.09313 5.65685 4
5.09313 6.72717 4
5.09313 8 4
5.09313 9.51366 4
5.09313 11.3137 5.28087
5.09313 13.4543 7.79786
5.09313 16 9.06532
5.09313 19.0273 10.3589
5.09313 22.6274 11.8341
5.09313 26.9087 13.5178
5.09313 32 15.44
5.09313 38.0546 17.5875
5.09313 45.2548 19.9863
5.09313 53.8174 22.69
5.09313 64 25.7455
5.09313 76.1093 29.2048
5.09313 90.5097 33.3387
5.09313 107.635 38.5787
5.09313 128 44.4703
5.09313 152.219 51.1362
5.09313 181.019 58.7179
5.09313 215.269 68.3568
5.09313 256 80.984
5.09313 304.437 95.2084
5.09313 362.039 111.298
5.09313 430.539 130.108
5.09313 512 157.717
5.09313 608.874 189.153
5.09313 724.077 224.91
5.09313 861.078 268.67
5.09313 1024 329.943
5.09313 1217.75 399.83
5.09313 1448.15 479.434
5.09313 1722.16 593.113
5.09313 2048 737.051
5.09313 2435.5 899.64
5.09313 2896.31 1118.91
5.09313 3444.31 1455.11

5.31862 1.18921 2
5.31862 1.41421 2
5.31862 1.68179 2
5.31862 2 2
5.31862 2.37841 2
5.31862 2.82843 2
5.31862 3.36359 2
5.31862 4 2
5.31862 4.75683 2
5.31862 5.65685 2
5.31862 6.72717 2
5.31862 8 2
5.31862 9.51366 2
5.31862 11.3137 5.09795
5.31862 13.4543 7.1644
5.31862 16 8.72505
5.31862 19.0273 9.91605
5.31862 22.6274 11.266
5.31862 26.9087 12.7975
5.31862 32 14.536
5.31862 38.0546 16.5168
5.31862 45.2548 18.7653
5.31862 53.8174 21.2881
5.31862 64 24.129
5.31862 76.1093 27.3366
5.31862 90.5097 30.9643
5.31862 107.635 35.7732
5.31862 128 41.4344
5.31862 152.219 47.8135
5.31862 181.019 55.0443
5.31862 215.269 63.2823
5.31862 256 75.3709
5.31862 304.437 89.2982
5.31862 362.039 105.077
5.31862 430.539 123.011
5.31862 512 148.155
5.31862 608.874 178.67
5.31862 724.077 213.582
5.31862 861.078 253.53
5.31862 1024 311.94
5.31862 1217.75 379.542
5.31862 1448.15 456.7
5.31862 1722.16 557.468
5.31862 2048 696.705
5.31862 2435.5 854.29
5.31862 2896.31 1036.68
5.31862 3444.31 1361.63

5.5541 1.18921 2
5.5541 1.41421 2
5.5541 1.68179 2
5.5541 2 2
5.5541 2.37841 2
5.5541 2.82843 2
5.5541 3.36359 2
5.5541 4 2
5.5541 4.75683 2
5.5541 5.65685 2
5.5541 6.72717 2
5.5541 8 2
5.5541 9.51366 2
5.5541 11.3137 4.95271
5.5541 13.4543 6.6836
5.5541 16 8.40592
5.5541 19.0273 9.50909
5.5541 22.6274 10.7524
5.5541 26.9087 12.1555
5.5541 32 13.74
5.5541 38.0546 15.5303
5.5541 45.2548 17.6338
5.5541 53.8174 20.0141
5.5541 64 22.685
5.5541 76.1093 25.6925
5.5541 90.5097 29.0877
5.5541 107.635 33.1818
5.5541 128 38.6855
5.5541 152.219 44.8719
5.5541 181.019 51.8642
5.5541 215.269 59.8103
5.5541 256 70.4374
5.5541 304.437 84.0666
5.5541 362.039 99.5798
5.5541 430.539 117.262
5.5541 512 140.061
5.5541 608.874 169.613
5.5541 724.077 203.559
5.5541 861.078 242.566
5.5541 1024 296.027
5.5541 1217.75 361.47
5.5541 1448.15 436.242
5.5541 1722.16 525.399
5.5541 2048 660.265
5.5541 2435.5 813.199
5.5541 2896.31 985.691
5.5541 3444.31 1276.83

5.8 1.18921 4
5.8 1.41421 4
5.8 1.68179 4
5.8 2 4
5.8 2.37841 4
5.8 2.82843 4
5.8 3.36359 4
5.8 4 4
5.8 4.75683 4
5.8 5.65685 4
5.8 6.72717 4
5.8 8 4
5.8 9.51366 4
5.8 11.3137 4.83516
5.8 13.4543 6.30862
5.8 16 8.1029
5.8 19.0273 9.13114
5.8 22.6274 10.2839
5.8 26.9087 11.5785
5.8 32 13.0339
5.8 38.0546 14.6711
5.8 45.2548 16.5666
5.8 53.8174 18.838
5.8 64 21.3772
5.8 76.1093 24.2287
5.8 90.5097 27.4422
5.8 107.635 31.072
5.8 128 36.1656
5.8 152.219 42.2224
5.8 181.019 49.0609
5.8 215.269 56.8194
5.8 256 66.1845
5.8 304.437 79.4726
5.8 362.039 94.6878
5.8 430.539 112.112
5.8 512 133.094
5.8 608.874 161.71
5.8 724.077 194.654
5.8 861.078 232.603
5.8 1024 281.727
5.8 1217.75 345.165
5.8 1448.15 417.689
5.8 1722.16 500.598
5.8 2048 627.071
5.8 2435.5 775.687
5.8 2896.31 943.461
5.8 3444.31 1199.44

6.05679 1.18921 4
6.05679 1.41421 4
6.05679 1.68179 4
6.05679 2 4
6.05679 2.37841 4
6.05679 2.82843 4
6.05679 3.36359 4
6.05679 4 4
6.05679 4.75683 4
6.05679 5.65685 4
6.05679 6.72717 4
6.05679 8 4
6.05679 9.51366 4
6.05679 11.3137 4.73847
6.05679 13.4543 6.00958
6.05679 16 7.62053
6.05679 19.0273 8.77571
6.05679 22.6274 9.85209
6.05679 26.9087 11.0556
6.05679 32 12.4031
6.05679 38.0546 13.9133
6.05679 45.2548 15.6067
6.05679 53.8174 17.7354
6.05679 64 20.1758
6.05679 76.1093 22.9087
6.05679 90.5097 25.9824
6.05679 107.635 29.4505
6.05679 128 33.8458
6.05679 152.219 39.8027
6.05679 181.019 46.5392
6.05679 215.269 54.1845
6.05679 256 62.8976
6.05679 304.437 75.4874
6.05679 362.039 90.3502
6.05679 430.539 107.455
6.05679 512 127.151
6.05679 608.874 154.7
6.05679 724.077 186.668
6.05679 861.078 223.535
6.05679 1024 268.723
6.05679 1217.75 330.301
6.05679 1448.15 400.737
6.05679 1722.16 481.259
6.05679 2048 596.633
6.05679 2435.5 741.226
6.05679 2896.31 904.629
6.05679 3444.31 1128.48

