# T0 = 1
# mxlib uncomp [dev]: 15c346a9a22d5b28a2224372f9d9f720bd775978
# mxlib comp [dev]: 38139e97f9e4c035fd45e2571fd22f6c821a6b80
# pointingEnv [main]: 3cf5ddfc1a0da1f0a303c92d477776fbd28ce3a2
1 1.18921 64
1 1.41421 64
1 1.68179 64
1 2 64
1 2.37841 64
1 2.82843 64
1 3.36359 64
1 4 64
1 4.75683 64
1 5.65685 64
1 6.72717 64
1 8 64
1 9.51366 64
1 11.3137 361.765
1 13.4543 nan
1 16 nan
1 19.0273 nan
1 22.6274 nan
1 26.9087 nan
1 32 nan
1 38.0546 nan
1 45.2548 nan
1 53.8174 nan
1 64 nan
1 76.1093 nan
1 90.5097 nan
1 107.635 nan
1 128 nan
1 152.219 nan
1 181.019 nan
1 215.269 nan
1 256 nan
1 304.437 nan
1 362.039 nan
1 430.539 nan
1 512 nan
1 608.874 nan
1 724.077 nan
1 861.078 nan
1 1024 nan
1 1217.75 nan
1 1448.15 nan
1 1722.16 nan
1 2048 nan
1 2435.5 nan
1 2896.31 nan
1 3444.31 nan

1.1 1.18921 64
1.1 1.41421 64
1.1 1.68179 64
1.1 2 64
1.1 2.37841 64
1.1 2.82843 64
1.1 3.36359 64
1.1 4 64
1.1 4.75683 64
1.1 5.65685 64
1.1 6.72717 64
1.1 8 64
1.1 9.51366 64
1.1 11.3137 226.643
1.1 13.4543 1259.19
1.1 16 nan
1.1 19.0273 nan
1.1 22.6274 nan
1.1 26.9087 nan
1.1 32 nan
1.1 38.0546 nan
1.1 45.2548 nan
1.1 53.8174 nan
1.1 64 nan
1.1 76.1093 nan
1.1 90.5097 nan
1.1 107.635 nan
1.1 128 nan
1.1 152.219 nan
1.1 181.019 nan
1.1 215.269 nan
1.1 256 nan
1.1 304.437 nan
1.1 362.039 nan
1.1 430.539 nan
1.1 512 nan
1.1 608.874 nan
1.1 724.077 nan
1.1 861.078 nan
1.1 1024 nan
1.1 1217.75 nan
1.1 1448.15 nan
1.1 1722.16 nan
1.1 2048 nan
1.1 2435.5 nan
1.1 2896.31 nan
1.1 3444.31 nan

1.2 1.18921 64
1.2 1.41421 64
1.2 1.68179 64
1.2 2 32
1.2 2.37841 32
1.2 2.82843 32
1.2 3.36359 32
1.2 4 32
1.2 4.75683 32
1.2 5.65685 32
1.2 6.72717 32
1.2 8 32
1.2 9.51366 32
1.2 11.3137 163.555
1.2 13.4543 573.667
1.2 16 2525.73
1.2 19.0273 nan
1.2 22.6274 nan
1.2 26.9087 nan
1.2 32 nan
1.2 38.0546 nan
1.2 45.2548 nan
1.2 53.8174 nan
1.2 64 nan
1.2 76.1093 nan
1.2 90.5097 nan
1.2 107.635 nan
1.2 128 nan
1.2 152.219 nan
1.2 181.019 nan
1.2 215.269 nan
1.2 256 nan
1.2 304.437 nan
1.2 362.039 nan
1.2 430.539 nan
1.2 512 nan
1.2 608.874 nan
1.2 724.077 nan
1.2 861.078 nan
1.2 1024 nan
1.2 1217.75 nan
1.2 1448.15 nan
1.2 1722.16 nan
1.2 2048 nan
1.2 2435.5 nan
1.2 2896.31 nan
1.2 3444.31 nan

1.3 1.18921 32
1.3 1.41421 32
1.3 1.68179 32
1.3 2 32
1.3 2.37841 32
1.3 2.82843 32
1.3 3.36359 32
1.3 4 32
1.3 4.75683 32
1.3 5.65685 32
1.3 6.72717 32
1.3 8 32
1.3 9.51366 32
1.3 11.3137 128.299
1.3 13.4543 348.966
1.3 16 971.406
1.3 19.0273 3413.69
1.3 22.6274 nan
1.3 26.9087 nan
1.3 32 nan
1.3 38.0546 nan
1.3 45.2548 nan
1.3 53.8174 nan
1.3 64 nan
1.3 76.1093 nan
1.3 90.5097 nan
1.3 107.635 nan
1.3 128 nan
1.3 152.219 nan
1.3 181.019 nan
1.3 215.269 nan
1.3 256 nan
1.3 304.437 nan
1.3 362.039 nan
1.3 430.539 nan
1.3 512 nan
1.3 608.874 nan
1.3 724.077 nan
1.3 861.078 nan
1.3 1024 nan
1.3 1217.75 nan
1.3 1448.15 nan
1.3 1722.16 nan
1.3 2048 nan
1.3 2435.5 nan
1.3 2896.31 nan
1.3 3444.31 nan

1.4 1.18921 32
1.4 1.41421 32
1.4 1.68179 32
1.4 2 32
1.4 2.37841 32
1.4 2.82843 32
1.4 3.36359 32
1.4 4 32
1.4 4.75683 32
1.4 5.65685 32
1.4 6.72717 32
1.4 8 32
1.4 9.51366 32
1.4 11.3137 104.043
1.4 13.4543 243.252
1.4 16 552.105
1.4 19.0273 1309.59
1.4 22.6274 3634.97
1.4 26.9087 nan
1.4 32 nan
1.4 38.0546 nan
1.4 45.2548 nan
1.4 53.8174 nan
1.4 64 nan
1.4 76.1093 nan
1.4 90.5097 nan
1.4 107.635 nan
1.4 128 nan
1.4 152.219 nan
1.4 181.019 nan
1.4 215.269 nan
1.4 256 nan
1.4 304.437 nan
1.4 362.039 nan
1.4 430.539 nan
1.4 512 nan
1.4 608.874 nan
1.4 724.077 nan
1.4 861.078 nan
1.4 1024 nan
1.4 1217.75 nan
1.4 1448.15 nan
1.4 1722.16 nan
1.4 2048 nan
1.4 2435.5 nan
1.4 2896.31 nan
1.4 3444.31 nan

1.5 1.18921 32
1.5 1.41421 32
1.5 1.68179 32
1.5 2 32
1.5 2.37841 32
1.5 2.82843 32
1.5 3.36359 32
1.5 4 32
1.5 4.75683 32
1.5 5.65685 32
1.5 6.72717 32
1.5 8 32
1.5 9.51366 32
1.5 11.3137 88.3043
1.5 13.4543 184.376
1.5 16 367.528
1.5 19.0273 734.671
1.5 22.6274 1520.55
1.5 26.9087 3536.53
1.5 32 nan
1.5 38.0546 nan
1.5 45.2548 nan
1.5 53.8174 nan
1.5 64 nan
1.5 76.1093 nan
1.5 90.5097 nan
1.5 107.635 nan
1.5 128 nan
1.5 152.219 nan
1.5 181.019 nan
1.5 215.269 nan
1.5 256 nan
1.5 304.437 nan
1.5 362.039 nan
1.5 430.539 nan
1.5 512 nan
1.5 608.874 nan
1.5 724.077 nan
1.5 861.078 nan
1.5 1024 nan
1.5 1217.75 nan
1.5 1448.15 nan
1.5 1722.16 nan
1.5 2048 nan
1.5 2435.5 nan
1.5 2896.31 nan
1.5 3444.31 nan

1.6 1.18921 32
1.6 1.41421 32
1.6 1.68179 32
1.6 2 32
1.6 2.37841 32
1.6 2.82843 32
1.6 3.36359 32
1.6 4 32
1.6 4.75683 32
1.6 5.65685 32
1.6 6.72717 32
1.6 8 32
1.6 9.51366 32
1.6 11.3137 77.3885
1.6 13.4543 148.114
1.6 16 268.683
1.6 19.0273 481.777
1.6 22.6274 872.642
1.6 26.9087 1629.29
1.6 32 3327.3
1.6 38.0546 nan
1.6 45.2548 nan
1.6 53.8174 nan
1.6 64 nan
1.6 76.1093 nan
1.6 90.5097 nan
1.6 107.635 nan
1.6 128 nan
1.6 152.219 nan
1.6 181.019 nan
1.6 215.269 nan
1.6 256 nan
1.6 304.437 nan
1.6 362.039 nan
1.6 430.539 nan
1.6 512 nan
1.6 608.874 nan
1.6 724.077 nan
1.6 861.078 nan
1.6 1024 nan
1.6 1217.75 nan
1.6 1448.15 nan
1.6 1722.16 nan
1.6 2048 nan
1.6 2435.5 nan
1.6 2896.31 nan
1.6 3444.31 nan

1.7 1.18921 32
1.7 1.41421 32
1.7 1.68179 32
1.7 2 32
1.7 2.37841 32
1.7 2.82843 32
1.7 3.36359 32
1.7 4 32
1.7 4.75683 32
1.7 5.65685 32
1.7 6.72717 32
1.7 8 32
1.7 9.51366 32
1.7 11.3137 69.4078
1.7 13.4543 123.629
1.7 16 208.78
1.7 19.0273 348.928
1.7 22.6274 580.943
1.7 26.9087 969.736
1.7 32 1674.05
1.7 38.0546 3097.87
1.7 45.2548 nan
1.7 53.8174 nan
1.7 64 nan
1.7 76.1093 nan
1.7 90.5097 nan
1.7 107.635 nan
1.7 128 nan
1.7 152.219 nan
1.7 181.019 nan
1.7 215.269 nan
1.7 256 nan
1.7 304.437 nan
1.7 362.039 nan
1.7 430.539 nan
1.7 512 nan
1.7 608.874 nan
1.7 724.077 nan
1.7 861.078 nan
1.7 1024 nan
1.7 1217.75 nan
1.7 1448.15 nan
1.7 1722.16 nan
1.7 2048 nan
1.7 2435.5 nan
1.7 2896.31 nan
1.7 3444.31 nan

1.8 1.18921 32
1.8 1.41421 32
1.8 1.68179 32
1.8 2 32
1.8 2.37841 32
1.8 2.82843 32
1.8 3.36359 32
1.8 4 32
1.8 4.75683 32
1.8 5.65685 32
1.8 6.72717 32
1.8 8 32
1.8 9.51366 32
1.8 11.3137 63.0117
1.8 13.4543 105.254
1.8 16 169.871
1.8 19.0273 268.51
1.8 22.6274 420.646
1.8 26.9087 661.665
1.8 32 1037.05
1.8 38.0546 1682.54
1.8 45.2548 2881.75
1.8 53.8174 nan
1.8 64 nan
1.8 76.1093 nan
1.8 90.5097 nan
1.8 107.635 nan
1.8 128 nan
1.8 152.219 nan
1.8 181.019 nan
1.8 215.269 nan
1.8 256 nan
1.8 304.437 nan
1.8 362.039 nan
1.8 430.539 nan
1.8 512 nan
1.8 608.874 nan
1.8 724.077 nan
1.8 861.078 nan
1.8 1024 nan
1.8 1217.75 nan
1.8 1448.15 nan
1.8 1722.16 nan
1.8 2048 nan
1.8 2435.5 nan
1.8 2896.31 nan
1.8 3444.31 nan

1.9 1.18921 32
1.9 1.41421 32
1.9 1.68179 32
1.9 2 32
1.9 2.37841 32
1.9 2.82843 32
1.9 3.36359 32
1.9 4 32
1.9 4.75683 32
1.9 5.65685 32
1.9 6.72717 32
1.9 8 32
1.9 9.51366 32
1.9 11.3137 56.3812
1.9 13.4543 92.0401
1.9 16 143.062
1.9 19.0273 215.754
1.9 22.6274 323.842
1.9 26.9087 482.541
1.9 32 725.237
1.9 38.0546 1087.36
1.9 45.2548 1672.09
1.9 53.8174 2688.89
1.9 64 nan
1.9 76.1093 nan
1.9 90.5097 nan
1.9 107.635 nan
1.9 128 nan
1.9 152.219 nan
1.9 181.019 nan
1.9 215.269 nan
1.9 256 nan
1.9 304.437 nan
1.9 362.039 nan
1.9 430.539 nan
1.9 512 nan
1.9 608.874 nan
1.9 724.077 nan
1.9 861.078 nan
1.9 1024 nan
1.9 1217.75 nan
1.9 1448.15 nan
1.9 1722.16 nan
1.9 2048 nan
1.9 2435.5 nan
1.9 2896.31 nan
1.9 3444.31 nan

2 1.18921 32
2 1.41421 32
2 1.68179 32
2 2 32
2 2.37841 32
2 2.82843 32
2 3.36359 32
2 4 32
2 4.75683 32
2 5.65685 32
2 6.72717 32
2 8 32
2 9.51366 32
2 11.3137 51.4517
2 13.4543 82.1412
2 16 123.301
2 19.0273 179.495
2 22.6274 259.806
2 26.9087 373.889
2 32 536.48
2 38.0546 775.209
2 45.2548 1121.29
2 53.8174 1652.95
2 64 2520.37
2 76.1093 3914.53
2 90.5097 nan
2 107.635 nan
2 128 nan
2 152.219 nan
2 181.019 nan
2 215.269 nan
2 256 nan
2 304.437 nan
2 362.039 nan
2 430.539 nan
2 512 nan
2 608.874 nan
2 724.077 nan
2 861.078 nan
2 1024 nan
2 1217.75 nan
2 1448.15 nan
2 1722.16 nan
2 2048 nan
2 2435.5 nan
2 2896.31 nan
2 3444.31 nan

2.1 1.18921 32
2.1 1.41421 32
2.1 1.68179 32
2.1 2 32
2.1 2.37841 32
2.1 2.82843 32
2.1 3.36359 32
2.1 4 32
2.1 4.75683 32
2.1 5.65685 32
2.1 6.72717 32
2.1 8 32
2.1 9.51366 32
2.1 11.3137 47.6383
2.1 13.4543 74.4731
2.1 16 107.725
2.1 19.0273 153.411
2.1 22.6274 215.138
2.1 26.9087 300.961
2.1 32 418.573
2.1 38.0546 583.896
2.1 45.2548 814.915
2.1 53.8174 1144.68
2.1 64 1631.06
2.1 76.1093 2374.34
2.1 90.5097 3592
2.1 107.635 nan
2.1 128 nan
2.1 152.219 nan
2.1 181.019 nan
2.1 215.269 nan
2.1 256 nan
2.1 304.437 nan
2.1 362.039 nan
2.1 430.539 nan
2.1 512 nan
2.1 608.874 nan
2.1 724.077 nan
2.1 861.078 nan
2.1 1024 nan
2.1 1217.75 nan
2.1 1448.15 nan
2.1 1722.16 nan
2.1 2048 nan
2.1 2435.5 nan
2.1 2896.31 nan
2.1 3444.31 nan

2.2 1.18921 32
2.2 1.41421 32
2.2 1.68179 32
2.2 2 32
2.2 2.37841 32
2.2 2.82843 32
2.2 3.36359 32
2.2 4 32
2.2 4.75683 32
2.2 5.65685 32
2.2 6.72717 32
2.2 8 32
2.2 9.51366 32
2.2 11.3137 44.5935
2.2 13.4543 68.3647
2.2 16 95.8864
2.2 19.0273 133.891
2.2 22.6274 182.931
2.2 26.9087 249.317
2.2 32 339.008
2.2 38.0546 458.355
2.2 45.2548 624.698
2.2 53.8174 847.149
2.2 64 1161.66
2.2 76.1093 1609.9
2.2 90.5097 2248.44
2.2 107.635 3336
2.2 128 nan
2.2 152.219 nan
2.2 181.019 nan
2.2 215.269 nan
2.2 256 nan
2.2 304.437 nan
2.2 362.039 nan
2.2 430.539 nan
2.2 512 nan
2.2 608.874 nan
2.2 724.077 nan
2.2 861.078 nan
2.2 1024 nan
2.2 1217.75 nan
2.2 1448.15 nan
2.2 1722.16 nan
2.2 2048 nan
2.2 2435.5 nan
2.2 2896.31 nan
2.2 3444.31 nan

2.3 1.18921 32
2.3 1.41421 32
2.3 1.68179 32
2.3 2 16
2.3 2.37841 16
2.3 2.82843 16
2.3 3.36359 16
2.3 4 16
2.3 4.75683 16
2.3 5.65685 16
2.3 6.72717 16
2.3 8 16
2.3 9.51366 16
2.3 11.3137 42.099
2.3 13.4543 63.2003
2.3 16 86.6237
2.3 19.0273 118.225
2.3 22.6274 158.834
2.3 26.9087 211.73
2.3 32 281.952
2.3 38.0546 374.071
2.3 45.2548 493.927
2.3 53.8174 660.362
2.3 64 874.149
2.3 76.1093 1175.22
2.3 90.5097 1591.6
2.3 107.635 2140.67
2.3 128 3131.42
2.3 152.219 nan
2.3 181.019 nan
2.3 215.269 nan
2.3 256 nan
2.3 304.437 nan
2.3 362.039 nan
2.3 430.539 nan
2.3 512 nan
2.3 608.874 nan
2.3 724.077 nan
2.3 861.078 nan
2.3 1024 nan
2.3 1217.75 nan
2.3 1448.15 nan
2.3 1722.16 nan
2.3 2048 nan
2.3 2435.5 nan
2.3 2896.31 nan
2.3 3444.31 nan

2.4 1.18921 16
2.4 1.41421 16
2.4 1.68179 16
2.4 2 16
2.4 2.37841 16
2.4 2.82843 16
2.4 3.36359 16
2.4 4 16
2.4 4.75683 16
2.4 5.65685 16
2.4 6.72717 16
2.4 8 16
2.4 9.51366 16
2.4 11.3137 40.0116
2.4 13.4543 57.994
2.4 16 79.1961
2.4 19.0273 105.72
2.4 22.6274 140.222
2.4 26.9087 183.494
2.4 32 239.567
2.4 38.0546 312.866
2.4 45.2548 406.474
2.4 53.8174 527.401
2.4 64 692.216
2.4 76.1093 897.695
2.4 90.5097 1187.58
2.4 107.635 1577.52
2.4 128 2049.79
2.4 152.219 2968.38
2.4 181.019 4031.41
2.4 215.269 nan
2.4 256 nan
2.4 304.437 nan
2.4 362.039 nan
2.4 430.539 nan
2.4 512 nan
2.4 608.874 nan
2.4 724.077 nan
2.4 861.078 nan
2.4 1024 nan
2.4 1217.75 nan
2.4 1448.15 nan
2.4 1722.16 nan
2.4 2048 nan
2.4 2435.5 nan
2.4 2896.31 nan
2.4 3444.31 nan

2.5 1.18921 16
2.5 1.41421 16
2.5 1.68179 16
2.5 2 16
2.5 2.37841 16
2.5 2.82843 16
2.5 3.36359 16
2.5 4 16
2.5 4.75683 16
2.5 5.65685 16
2.5 6.72717 16
2.5 8 16
2.5 9.51366 16
2.5 11.3137 38.2334
2.5 13.4543 53.7994
2.5 16 73.1134
2.5 19.0273 95.7675
2.5 22.6274 125.309
2.5 26.9087 161.646
2.5 32 207.682
2.5 38.0546 266.619
2.5 45.2548 342.154
2.5 53.8174 436.642
2.5 64 559.997
2.5 76.1093 721.433
2.5 90.5097 919.226
2.5 107.635 1200.51
2.5 128 1568.71
2.5 152.219 2004.9
2.5 181.019 2840.73
2.5 215.269 3823.4
2.5 256 nan
2.5 304.437 nan
2.5 362.039 nan
2.5 430.539 nan
2.5 512 nan
2.5 608.874 nan
2.5 724.077 nan
2.5 861.078 nan
2.5 1024 nan
2.5 1217.75 nan
2.5 1448.15 nan
2.5 1722.16 nan
2.5 2048 nan
2.5 2435.5 nan
2.5 2896.31 nan
2.5 3444.31 nan

2.6 1.18921 16
2.6 1.41421 16
2.6 1.68179 16
2.6 2 16
2.6 2.37841 16
2.6 2.82843 16
2.6 3.36359 16
2.6 4 16
2.6 4.75683 16
2.6 5.65685 16
2.6 6.72717 16
2.6 8 16
2.6 9.51366 16
2.6 11.3137 36.6957
2.6 13.4543 50.3488
2.6 16 68.0394
2.6 19.0273 87.6804
2.6 22.6274 112.851
2.6 26.9087 144.295
2.6 32 182.908
2.6 38.0546 231.33
2.6 45.2548 293.11
2.6 53.8174 370.064
2.6 64 465.044
2.6 76.1093 590.888
2.6 90.5097 749.053
2.6 107.635 939.94
2.6 128 1215.5
2.6 152.219 1566.08
2.6 181.019 1973.75
2.6 215.269 2745.2
2.6 256 3669.72
2.6 304.437 nan
2.6 362.039 nan
2.6 430.539 nan
2.6 512 nan
2.6 608.874 nan
2.6 724.077 nan
2.6 861.078 nan
2.6 1024 nan
2.6 1217.75 nan
2.6 1448.15 nan
2.6 1722.16 nan
2.6 2048 nan
2.6 2435.5 nan
2.6 2896.31 nan
2.6 3444.31 nan

2.7 1.18921 16
2.7 1.41421 16
2.7 1.68179 16
2.7 2 16
2.7 2.37841 16
2.7 2.82843 16
2.7 3.36359 16
2.7 4 16
2.7 4.75683 16
2.7 5.65685 16
2.7 6.72717 16
2.7 8 16
2.7 9.51366 16
2.7 11.3137 35.3487
2.7 13.4543 47.4593
2.7 16 63.679
2.7 19.0273 80.9887
2.7 22.6274 102.757
2.7 26.9087 130.185
2.7 32 163.19
2.7 38.0546 203.95
2.7 45.2548 254.467
2.7 53.8174 318.832
2.7 64 396.905
2.7 76.1093 492.168
2.7 90.5097 620.839
2.7 107.635 776.026
2.7 128 960.882
2.7 152.219 1233.99
2.7 181.019 1570.56
2.7 215.269 1955.49
2.7 256 2680.87
2.7 304.437 3564.77
2.7 362.039 nan
2.7 430.539 nan
2.7 512 nan
2.7 608.874 nan
2.7 724.077 nan
2.7 861.078 nan
2.7 1024 nan
2.7 1217.75 nan
2.7 1448.15 nan
2.7 1722.16 nan
2.7 2048 nan
2.7 2435.5 nan
2.7 2896.31 nan
2.7 3444.31 nan

2.8 1.18921 16
2.8 1.41421 16
2.8 1.68179 16
2.8 2 16
2.8 2.37841 16
2.8 2.82843 16
2.8 3.36359 16
2.8 4 16
2.8 4.75683 16
2.8 5.65685 16
2.8 6.72717 16
2.8 8 16
2.8 9.51366 16
2.8 11.3137 34.1554
2.8 13.4543 45.0026
2.8 16 59.255
2.8 19.0273 75.3619
2.8 22.6274 94.4347
2.8 26.9087 118.216
2.8 32 147.148
2.8 38.0546 182.08
2.8 45.2548 224.79
2.8 53.8174 278.143
2.8 64 344.006
2.8 76.1093 423.029
2.8 90.5097 519.561
2.8 107.635 650.606
2.8 128 803.247
2.8 152.219 983.013
2.8 181.019 1257.43
2.8 215.269 1583.27
2.8 256 1950.37
2.8 304.437 2648.96
2.8 362.039 3506.6
2.8 430.539 nan
2.8 512 nan
2.8 608.874 nan
2.8 724.077 nan
2.8 861.078 nan
2.8 1024 nan
2.8 1217.75 nan
2.8 1448.15 nan
2.8 1722.16 nan
2.8 2048 nan
2.8 2435.5 nan
2.8 2896.31 nan
2.8 3444.31 nan

2.9 1.18921 16
2.9 1.41421 16
2.9 1.68179 16
2.9 2 16
2.9 2.37841 16
2.9 2.82843 16
2.9 3.36359 16
2.9 4 8
2.9 4.75683 16
2.9 5.65685 16
2.9 6.72717 16
2.9 8 16
2.9 9.51366 16
2.9 11.3137 33.0879
2.9 13.4543 42.886
2.9 16 55.5457
2.9 19.0273 70.5617
2.9 22.6274 87.4655
2.9 26.9087 108.286
2.9 32 133.827
2.9 38.0546 164.254
2.9 45.2548 200.981
2.9 53.8174 245.5
2.9 64 301.728
2.9 76.1093 368.898
2.9 90.5097 448.819
2.9 107.635 550.255
2.9 128 680.956
2.9 152.219 831.597
2.9 181.019 1007.27
2.9 215.269 1287.4
2.9 256 1605.5
2.9 304.437 1959.11
2.9 362.039 2652.8
2.9 430.539 3496.41
2.9 512 nan
2.9 608.874 nan
2.9 724.077 nan
2.9 861.078 nan
2.9 1024 nan
2.9 1217.75 nan
2.9 1448.15 nan
2.9 1722.16 nan
2.9 2048 nan
2.9 2435.5 nan
2.9 2896.31 nan
2.9 3444.31 nan

3.02839 1.18921 16
3.02839 1.41421 16
3.02839 1.68179 16
3.02839 2 16
3.02839 2.37841 16
3.02839 2.82843 16
3.02839 3.36359 16
3.02839 4 16
3.02839 4.75683 16
3.02839 5.65685 16
3.02839 6.72717 16
3.02839 8 16
3.02839 9.51366 16
3.02839 11.3137 31.4829
3.02839 13.4543 40.5596
3.02839 16 51.5813
3.02839 19.0273 65.333
3.02839 22.6274 80.0268
3.02839 26.9087 97.8695
3.02839 32 119.585
3.02839 38.0546 145.684
3.02839 45.2548 176.63
3.02839 53.8174 213.597
3.02839 64 258.094
3.02839 76.1093 314.505
3.02839 90.5097 380.275
3.02839 107.635 457.662
3.02839 128 556.965
3.02839 152.219 683.253
3.02839 181.019 826.684
3.02839 215.269 991.583
3.02839 256 1254.52
3.02839 304.437 1559.21
3.02839 362.039 1892.14
3.02839 430.539 2488.67
3.02839 512 3317.84
3.02839 608.874 nan
3.02839 724.077 nan
3.02839 861.078 nan
3.02839 1024 nan
3.02839 1217.75 nan
3.02839 1448.15 nan
3.02839 1722.16 nan
3.02839 2048 nan
3.02839 2435.5 nan
3.02839 2896.31 nan
3.02839 3444.31 nan

3.16247 1.18921 16
3.16247 1.41421 8
3.16247 1.68179 8
3.16247 2 16
3.16247 2.37841 16
3.16247 2.82843 16
3.16247 3.36359 16
3.16247 4 16
3.16247 4.75683 16
3.16247 5.65685 16
3.16247 6.72717 16
3.16247 8 16
3.16247 9.51366 16
3.16247 11.3137 27.8579
3.16247 13.4543 38.4961
3.16247 16 48.1672
3.16247 19.0273 60.2375
3.16247 22.6274 73.6243
3.16247 26.9087 89.0758
3.16247 32 107.642
3.16247 38.0546 129.999
3.16247 45.2548 156.53
3.16247 53.8174 187.751
3.16247 64 224.702
3.16247 76.1093 269.808
3.16247 90.5097 325.583
3.16247 107.635 389.918
3.16247 128 464.85
3.16247 152.219 562.488
3.16247 181.019 685.378
3.16247 215.269 823.056
3.16247 256 979.21
3.16247 304.437 1228.34
3.16247 362.039 1525.22
3.16247 430.539 1845.02
3.16247 512 2365.89
3.16247 608.874 3196.78
3.16247 724.077 4061.6
3.16247 861.078 nan
3.16247 1024 nan
3.16247 1217.75 nan
3.16247 1448.15 nan
3.16247 1722.16 nan
3.16247 2048 nan
3.16247 2435.5 nan
3.16247 2896.31 nan
3.16247 3444.31 nan

3.30249 1.18921 16
3.30249 1.41421 16
3.30249 1.68179 16
3.30249 2 16
3.30249 2.37841 16
3.30249 2.82843 16
3.30249 3.36359 16
3.30249 4 16
3.30249 4.75683 16
3.30249 5.65685 16
3.30249 6.72717 16
3.30249 8 16
3.30249 9.51366 16
3.30249 11.3137 25.4134
3.30249 13.4543 36.6499
3.30249 16 45.1973
3.30249 19.0273 55.7055
3.30249 22.6274 68.0441
3.30249 26.9087 81.5632
3.30249 32 97.6108
3.30249 38.0546 116.713
3.30249 45.2548 139.594
3.30249 53.8174 166.441
3.30249 64 197.774
3.30249 76.1093 234.554
3.30249 90.5097 280.386
3.30249 107.635 335.587
3.30249 128 398.637
3.30249 152.219 471.399
3.30249 181.019 568.347
3.30249 215.269 689.132
3.30249 256 822.804
3.30249 304.437 972.505
3.30249 362.039 1213.25
3.30249 430.539 1507.81
3.30249 512 1821.87
3.30249 608.874 2302.88
3.30249 724.077 3150.5
3.30249 861.078 4037.39
3.30249 1024 nan
3.30249 1217.75 nan
3.30249 1448.15 nan
3.30249 1722.16 nan
3.30249 2048 nan
3.30249 2435.5 nan
3.30249 2896.31 nan
3.30249 3444.31 nan

3.4487 1.18921 16
3.4487 1.41421 16
3.4487 1.68179 16
3.4487 2 8
3.4487 2.37841 8
3.4487 2.82843 8
3.4487 3.36359 8
3.4487 4 8
3.4487 4.75683 8
3.4487 5.65685 8
3.4487 6.72717 8
3.4487 8 8
3.4487 9.51366 8
3.4487 11.3137 23.6746
3.4487 13.4543 34.984
3.4487 16 42.5894
3.4487 19.0273 51.8122
3.4487 22.6274 63.0088
3.4487 26.9087 75.0656
3.4487 32 89.0859
3.4487 38.0546 105.593
3.4487 45.2548 125.076
3.4487 53.8174 148.51
3.4487 64 175.578
3.4487 76.1093 206.94
3.4487 90.5097 243.492
3.4487 107.635 290.392
3.4487 128 345.241
3.4487 152.219 407.336
3.4487 181.019 478.401
3.4487 215.269 576.292
3.4487 256 696.498
3.4487 304.437 828.166
3.4487 362.039 973.957
3.4487 430.539 1214.93
3.4487 512 1512.48
3.4487 608.874 1827.92
3.4487 724.077 2322.89
3.4487 861.078 3202.25
3.4487 1024 nan
3.4487 1217.75 nan
3.4487 1448.15 nan
3.4487 1722.16 nan
3.4487 2048 nan
3.4487 2435.5 nan
3.4487 2896.31 nan
3.4487 3444.31 nan

3.60139 1.18921 16
3.60139 1.41421 16
3.60139 1.68179 16
3.60139 2 16
3.60139 2.37841 16
3.60139 2.82843 16
3.60139 3.36359 16
3.60139 4 16
3.60139 4.75683 16
3.60139 5.65685 16
3.60139 6.72717 16
3.60139 8 16
3.60139 9.51366 16
3.60139 11.3137 22.3872
3.60139 13.4543 33.4682
3.60139 16 40.2787
3.60139 19.0273 48.4349
3.60139 22.6274 58.2162
3.60139 26.9087 69.3699
3.60139 32 81.7538
3.60139 38.0546 96.1779
3.60139 45.2548 113.037
3.60139 53.8174 133.038
3.60139 64 156.909
3.60139 76.1093 184.175
3.60139 90.5097 215.566
3.60139 107.635 251.927
3.60139 128 300.506
3.60139 152.219 355.379
3.60139 181.019 417.016
3.60139 215.269 487.037
3.60139 256 588.398
3.60139 304.437 709.746
3.60139 362.039 841.64
3.60139 430.539 986.313
3.60139 512 1240.47
3.60139 608.874 1546.13
3.60139 724.077 1869.75
3.60139 861.078 2450.42
3.60139 1024 3376.88
3.60139 1217.75 nan
3.60139 1448.15 nan
3.60139 1722.16 nan
3.60139 2048 nan
3.60139 2435.5 nan
3.60139 2896.31 nan
3.60139 3444.31 nan

3.76083 1.18921 16
3.76083 1.41421 16
3.76083 1.68179 16
3.76083 2 16
3.76083 2.37841 16
3.76083 2.82843 16
3.76083 3.36359 16
3.76083 4 16
3.76083 4.75683 16
3.76083 5.65685 16
3.76083 6.72717 16
3.76083 8 16
3.76083 9.51366 16
3.76083 11.3137 21.404
3.76083 13.4543 32.0773
3.76083 16 38.2138
3.76083 19.0273 45.4784
3.76083 22.6274 54.0934
3.76083 26.9087 64.2986
3.76083 32 75.3643
3.76083 38.0546 88.1135
3.76083 45.2548 102.871
3.76083 53.8174 120.011
3.76083 64 140.802
3.76083 76.1093 165.023
3.76083 90.5097 192.535
3.76083 107.635 224.039
3.76083 128 261.347
3.76083 152.219 311.534
3.76083 181.019 366.958
3.76083 215.269 428.805
3.76083 256 498.617
3.76083 304.437 607.152
3.76083 362.039 731.523
3.76083 430.539 866.078
3.76083 512 1012.68
3.76083 608.874 1297.8
3.76083 724.077 1616.56
3.76083 861.078 1954.79
3.76083 1024 2705.57
3.76083 1217.75 3693.02
3.76083 1448.15 nan
3.76083 1722.16 nan
3.76083 2048 nan
3.76083 2435.5 nan
3.76083 2896.31 nan
3.76083 3444.31 nan

3.92734 1.18921 16
3.92734 1.41421 16
3.92734 1.68179 8
3.92734 2 8
3.92734 2.37841 16
3.92734 2.82843 16
3.92734 3.36359 16
3.92734 4 16
3.92734 4.75683 16
3.92734 5.65685 16
3.92734 6.72717 16
3.92734 8 16
3.92734 9.51366 16
3.92734 11.3137 20.6344
3.92734 13.4543 29.4699
3.92734 16 36.3524
3.92734 19.0273 42.8674
3.92734 22.6274 50.5143
3.92734 26.9087 59.5032
3.92734 32 69.7106
3.92734 38.0546 81.1167
3.92734 45.2548 94.1903
3.92734 53.8174 109.243
3.92734 64 126.627
3.92734 76.1093 148.492
3.92734 90.5097 173.153
3.92734 107.635 201.035
3.92734 128 232.821
3.92734 152.219 272.901
3.92734 181.019 324.432
3.92734 215.269 381.084
3.92734 256 443.981
3.92734 304.437 515.979
3.92734 362.039 635.44
3.92734 430.539 764.862
3.92734 512 904.699
3.92734 608.874 1084.28
3.92734 724.077 1394.28
3.92734 861.078 1730.98
3.92734 1024 2147.27
3.92734 1217.75 3098.38
3.92734 1448.15 nan
3.92734 1722.16 nan
3.92734 2048 nan
3.92734 2435.5 nan
3.92734 2896.31 nan
3.92734 3444.31 nan

4.10122 1.18921 16
4.10122 1.41421 16
4.10122 1.68179 16
4.10122 2 16
4.10122 2.37841 16
4.10122 2.82843 16
4.10122 3.36359 16
4.10122 4 16
4.10122 4.75683 16
4.10122 5.65685 16
4.10122 6.72717 16
4.10122 8 16
4.10122 9.51366 17.1165
4.10122 11.3137 22.0037
4.10122 13.4543 28.2735
4.10122 16 34.6591
4.10122 19.0273 40.5417
4.10122 22.6274 47.38
4.10122 26.9087 55.3449
4.10122 32 64.6153
4.10122 38.0546 74.9549
4.10122 45.2548 86.684
4.10122 53.8174 100.069
4.10122 64 115.41
4.10122 76.1093 133.77
4.10122 90.5097 156.412
4.10122 107.635 181.671
4.10122 128 210.125
4.10122 152.219 242.452
4.10122 181.019 286.787
4.10122 215.269 340.323
4.10122 256 399.038
4.10122 304.437 464.008
4.10122 362.039 550.644
4.10122 430.539 676.386
4.10122 512 813.029
4.10122 608.874 960.944
4.10122 724.077 1205.02
4.10122 861.078 1534.93
4.10122 1024 1894.06
4.10122 1217.75 2594.81
4.10122 1448.15 3625.9
4.10122 1722.16 nan
4.10122 2048 nan
4.10122 2435.5 nan
4.10122 2896.31 nan
4.10122 3444.31 nan

4.2828 1.18921 16
4.2828 1.41421 16
4.2828 1.68179 16
4.2828 2 16
4.2828 2.37841 16
4.2828 2.82843 16
4.2828 3.36359 16
4.2828 4 16
4.2828 4.75683 16
4.2828 5.65685 16
4.2828 6.72717 16
4.2828 8 16
4.2828 9.51366 16.8949
4.2828 11.3137 21.275
4.2828 13.4543 26.7783
4.2828 16 33.1036
4.2828 19.0273 38.4515
4.2828 22.6274 44.6118
4.2828 26.9087 51.7258
4.2828 32 59.9545
4.2828 38.0546 69.4292
4.2828 45.2548 80.098
4.2828 53.8174 92.1588
4.2828 64 105.873
4.2828 76.1093 121.533
4.2828 90.5097 141.492
4.2828 107.635 164.939
4.2828 128 191.03
4.2828 152.219 220.343
4.2828 181.019 253.564
4.2828 215.269 304.169
4.2828 256 360.504
4.2828 304.437 422.279
4.2828 362.039 490.546
4.2828 430.539 599.089
4.2828 512 732.978
4.2828 608.874 879.155
4.2828 724.077 1049.4
4.2828 861.078 1367.6
4.2828 1024 1721.18
4.2828 1217.75 2179.7
4.2828 1448.15 3164.93
4.2828 1722.16 nan
4.2828 2048 nan
4.2828 2435.5 nan
4.2828 2896.31 nan
4.2828 3444.31 nan

4.47241 1.18921 16
4.47241 1.41421 16
4.47241 1.68179 16
4.47241 2 16
4.47241 2.37841 16
4.47241 2.82843 16
4.47241 3.36359 16
4.47241 4 16
4.47241 4.75683 16
4.47241 5.65685 16
4.47241 6.72717 16
4.47241 8 16
4.47241 9.51366 16.6686
4.47241 11.3137 20.6169
4.47241 13.4543 25.4882
4.47241 16 31.5019
4.47241 19.0273 36.555
4.47241 22.6274 42.1456
4.47241 26.9087 48.5495
4.47241 32 55.9012
4.47241 38.0546 64.364
4.47241 45.2548 74.2151
4.47241 53.8174 85.2402
4.47241 64 97.6706
4.47241 76.1093 111.766
4.47241 90.5097 127.815
4.47241 107.635 150.024
4.47241 128 174.533
4.47241 152.219 201.77
4.47241 181.019 232.323
4.47241 215.269 271.551
4.47241 256 326.351
4.47241 304.437 386.419
4.47241 362.039 452.425
4.47241 430.539 533.459
4.47241 512 663.556
4.47241 608.874 807.596
4.47241 724.077 965.74
4.47241 861.078 1227.4
4.47241 1024 1571.13
4.47241 1217.75 1951.17
4.47241 1448.15 2769.7
4.47241 1722.16 3845
4.47241 2048 nan
4.47241 2435.5 nan
4.47241 2896.31 nan
4.47241 3444.31 nan

4.67042 1.18921 16
4.67042 1.41421 16
4.67042 1.68179 16
4.67042 2 16
4.67042 2.37841 16
4.67042 2.82843 16
4.67042 3.36359 16
4.67042 4 16
4.67042 4.75683 16
4.67042 5.65685 16
4.67042 6.72717 16
4.67042 8 16
4.67042 9.51366 16.4391
4.67042 11.3137 20.0171
4.67042 13.4543 24.3611
4.67042 16 29.6393
4.67042 19.0273 34.8156
4.67042 22.6274 39.9279
4.67042 26.9087 45.7384
4.67042 32 52.3615
4.67042 38.0546 59.9251
4.67042 45.2548 68.8445
4.67042 53.8174 79.081
4.67042 64 90.5172
4.67042 76.1093 103.387
4.67042 90.5097 117.952
4.67042 107.635 136.33
4.67042 128 159.838
4.67042 152.219 185.744
4.67042 181.019 214.531
4.67042 215.269 246.813
4.67042 256 295.795
4.67042 304.437 354.704
4.67042 362.039 419.588
4.67042 430.539 491.179
4.67042 512 604.7
4.67042 608.874 745.386
4.67042 724.077 901.654
4.67042 861.078 1109.89
4.67042 1024 1441.81
4.67042 1217.75 1812.91
4.67042 1448.15 2430.86
4.67042 1722.16 3465.12
4.67042 2048 nan
4.67042 2435.5 nan
4.67042 2896.31 nan
4.67042 3444.31 nan

4.8772 1.18921 16
4.8772 1.41421 16
4.8772 1.68179 16
4.8772 2 16
4.8772 2.37841 16
4.8772 2.82843 16
4.8772 3.36359 16
4.8772 4 16
4.8772 4.75683 16
4.8772 5.65685 16
4.8772 6.72717 16
4.8772 8 16
4.8772 9.51366 16.2075
4.8772 11.3137 19.4657
4.8772 13.4543 23.3656
4.8772 16 28.0381
4.8772 19.0273 33.2
4.8772 22.6274 37.9129
4.8772 26.9087 43.228
4.8772 32 49.2449
4.8772 38.0546 56.0738
4.8772 45.2548 63.8374
4.8772 53.8174 73.478
4.8772 64 84.1694
4.8772 76.1093 96.1029
4.8772 90.5097 109.519
4.8772 107.635 124.684
4.8772 128 146.388
4.8772 152.219 171.493
4.8772 181.019 199.216
4.8772 215.269 230.064
4.8772 256 268.906
4.8772 304.437 326.542
4.8772 362.039 390.556
4.8772 430.539 461.492
4.8772 512 555.49
4.8772 608.874 691.965
4.8772 724.077 845.033
4.8772 861.078 1015.61
4.8772 1024 1329.71
4.8772 1217.75 1690.32
4.8772 1448.15 2138.57
4.8772 1722.16 3128.69
4.8772 2048 nan
4.8772 2435.5 nan
4.8772 2896.31 nan
4.8772 3444.31 nan

5.09313 1.18921 16
5.09313 1.41421 16
5.09313 1.68179 16
5.09313 2 16
5.09313 2.37841 16
5.09313 2.82843 16
5.09313 3.36359 16
5.09313 4 16
5.09313 4.75683 16
5.09313 5.65685 16
5.09313 6.72717 16
5.09313 8 16
5.09313 9.51366 16
5.09313 11.3137 18.9552
5.09313 13.4543 22.478
5.09313 16 26.6461
5.09313 19.0273 31.5814
5.09313 22.6274 36.0595
5.09313 26.9087 40.9633
5.09313 32 46.477
5.09313 38.0546 52.6978
5.09313 45.2548 59.7324
5.09313 53.8174 68.2559
5.09313 64 78.4148
5.09313 76.1093 89.6615
5.09313 90.5097 102.214
5.09313 107.635 116.322
5.09313 128 133.913
5.09313 152.219 158.505
5.09313 181.019 185.63
5.09313 215.269 215.689
5.09313 256 249.224
5.09313 304.437 301.95
5.09313 362.039 364.824
5.09313 430.539 435.07
5.09313 512 514.169
5.09313 608.874 646.155
5.09313 724.077 795.229
5.09313 861.078 962.427
5.09313 1024 1231.36
5.09313 1217.75 1581.12
5.09313 1448.15 1970.89
5.09313 1722.16 2829.43
5.09313 2048 3919.97
5.09313 2435.5 nan
5.09313 2896.31 nan
5.09313 3444.31 nan

5.31862 1.18921 16
5.31862 1.41421 16
5.31862 1.68179 16
5.31862 2 16
5.31862 2.37841 16
5.31862 2.82843 16
5.31862 3.36359 16
5.31862 4 16
5.31862 4.75683 16
5.31862 5.65685 16
5.31862 6.72717 16
5.31862 8 16
5.31862 9.51366 16
5.31862 11.3137 18.479
5.31862 13.4543 21.6794
5.31862 16 25.4241
5.31862 19.0273 29.8093
5.31862 22.6274 34.3305
5.31862 26.9087 38.8966
5.31862 32 43.9951
5.31862 38.0546 49.7138
5.31862 45.2548 56.148
5.31862 53.8174 63.4023
5.31862 64 73.0718
5.31862 76.1093 83.8434
5.31862 90.5097 95.7812
5.31862 107.635 109.115
5.31862 128 124.109
5.31862 152.219 146.558
5.31862 181.019 173.302
5.31862 215.269 202.96
5.31862 256 235.981
5.31862 304.437 280.927
5.31862 362.039 342.295
5.31862 430.539 411.447
5.31862 512 489.178
5.31862 608.874 606.449
5.31862 724.077 751.27
5.31862 861.078 914.39
5.31862 1024 1143.99
5.31862 1217.75 1483.04
5.31862 1448.15 1862.84
5.31862 1722.16 2561.92
5.31862 2048 3618.31
5.31862 2435.5 nan
5.31862 2896.31 nan
5.31862 3444.31 nan

5.5541 1.18921 16
5.5541 1.41421 16
5.5541 1.68179 16
5.5541 2 16
5.5541 2.37841 16
5.5541 2.82843 16
5.5541 3.36359 16
5.5541 4 16
5.5541 4.75683 16
5.5541 5.65685 16
5.5541 6.72717 16
5.5541 8 16
5.5541 9.51366 16
5.5541 11.3137 18.0313
5.5541 13.4543 20.9551
5.5541 16 24.3418
5.5541 19.0273 28.269
5.5541 22.6274 32.6911
5.5541 26.9087 36.9848
5.5541 32 41.745
5.5541 38.0546 47.052
5.5541 45.2548 52.9933
5.5541 53.8174 59.6635
5.5541 64 67.9981
5.5541 76.1093 78.4617
5.5541 90.5097 89.9938
5.5541 107.635 102.8
5.5541 128 117.126
5.5541 152.219 135.67
5.5541 181.019 162.041
5.5541 215.269 191.435
5.5541 256 224.238
5.5541 304.437 263.132
5.5541 362.039 322.781
5.5541 430.539 390.448
5.5541 512 467.01
5.5541 608.874 571.476
5.5541 724.077 712.092
5.5541 861.078 870.941
5.5541 1024 1065.54
5.5541 1217.75 1394.23
5.5541 1448.15 1764.28
5.5541 1722.16 2321.72
5.5541 2048 3343.17
5.5541 2435.5 nan
5.5541 2896.31 nan
5.5541 3444.31 nan

5.8 1.18921 16
5.8 1.41421 16
5.8 1.68179 16
5.8 2 8
5.8 2.37841 8
5.8 2.82843 8
5.8 3.36359 8
5.8 4 8
5.8 4.75683 8
5.8 5.65685 8
5.8 6.72717 8
5.8 8 8
5.8 9.51366 8
5.8 11.3137 17.6075
5.8 13.4543 20.2931
5.8 16 23.3758
5.8 19.0273 26.9191
5.8 22.6274 30.9952
5.8 26.9087 35.1888
5.8 32 39.6787
5.8 38.0546 44.6528
5.8 45.2548 50.1924
5.8 53.8174 56.3855
5.8 64 63.3275
5.8 76.1093 73.373
5.8 90.5097 84.66
5.8 107.635 97.1425
5.8 128 111.043
5.8 152.219 126.629
5.8 181.019 151.861
5.8 215.269 180.939
5.8 256 213.571
5.8 304.437 250.238
5.8 362.039 305.864
5.8 430.539 371.837
5.8 512 446.823
5.8 608.874 540.189
5.8 724.077 676.776
5.8 861.078 831.43
5.8 1024 1005.68
5.8 1217.75 1313.22
5.8 1448.15 1673.88
5.8 1722.16 2105.31
5.8 2048 3091.37
5.8 2435.5 nan
5.8 2896.31 nan
5.8 3444.31 nan

6.05679 1.18921 8
6.05679 1.41421 8
6.05679 1.68179 8
6.05679 2 8
6.05679 2.37841 8
6.05679 2.82843 8
6.05679 3.36359 8
6.05679 4 8
6.05679 4.75683 8
6.05679 5.65685 8
6.05679 6.72717 8
6.05679 8 8
6.05679 9.51366 8
6.05679 11.3137 17.2039
6.05679 13.4543 19.6841
6.05679 16 22.5078
6.05679 19.0273 25.7276
6.05679 22.6274 29.4031
6.05679 26.9087 33.4725
6.05679 32 37.7531
6.05679 38.0546 42.4641
6.05679 45.2548 47.6818
6.05679 53.8174 53.4894
6.05679 64 59.977
6.05679 76.1093 68.4961
6.05679 90.5097 79.6409
6.05679 107.635 91.9506
6.05679 128 105.623
6.05679 152.219 120.903
6.05679 181.019 142.85
6.05679 215.269 171.469
6.05679 256 203.818
6.05679 304.437 240.366
6.05679 362.039 291.025
6.05679 430.539 355.257
6.05679 512 428.468
6.05679 608.874 511.889
6.05679 724.077 644.613
6.05679 861.078 795.257
6.05679 1024 965.174
6.05679 1217.75 1238.9
6.05679 1448.15 1590.55
6.05679 1722.16 1982.68
6.05679 2048 2860.26
6.05679 2435.5 3955.54
6.05679 2896.31 nan
6.05679 3444.31 nan

