# T0 = 1
# mxlib uncomp [dev]: 15c346a9a22d5b28a2224372f9d9f720bd775978
# mxlib comp [dev]: 38139e97f9e4c035fd45e2571fd22f6c821a6b80
# pointingEnv [main]: dbe98ccca0a517a97e5f48e28d1e0b1e2e597f0d
1 1.18921 64
1 1.41421 64
1 1.68179 64
1 2 64
1 2.37841 64
1 2.82843 64
1 3.36359 64
1 4 64
1 4.75683 64
1 5.65685 64
1 6.72717 64
1 8 64
1 9.51366 64
1 11.3137 355.041
1 13.4543 nan
1 16 nan
1 19.0273 nan
1 22.6274 nan
1 26.9087 nan
1 32 nan
1 38.0546 nan
1 45.2548 nan
1 53.8174 nan
1 64 nan
1 76.1093 nan
1 90.5097 nan
1 107.635 nan
1 128 nan
1 152.219 nan
1 181.019 nan
1 215.269 nan
1 256 nan
1 304.437 nan
1 362.039 nan
1 430.539 nan
1 512 nan
1 608.874 nan
1 724.077 nan
1 861.078 nan
1 1024 nan
1 1217.75 nan
1 1448.15 nan
1 1722.16 nan
1 2048 nan
1 2435.5 nan
1 2896.31 nan
1 3444.31 nan

1.1 1.18921 64
1.1 1.41421 64
1.1 1.68179 64
1.1 2 64
1.1 2.37841 64
1.1 2.82843 64
1.1 3.36359 64
1.1 4 64
1.1 4.75683 64
1.1 5.65685 64
1.1 6.72717 64
1.1 8 64
1.1 9.51366 64
1.1 11.3137 224.561
1.1 13.4543 1155.64
1.1 16 nan
1.1 19.0273 nan
1.1 22.6274 nan
1.1 26.9087 nan
1.1 32 nan
1.1 38.0546 nan
1.1 45.2548 nan
1.1 53.8174 nan
1.1 64 nan
1.1 76.1093 nan
1.1 90.5097 nan
1.1 107.635 nan
1.1 128 nan
1.1 152.219 nan
1.1 181.019 nan
1.1 215.269 nan
1.1 256 nan
1.1 304.437 nan
1.1 362.039 nan
1.1 430.539 nan
1.1 512 nan
1.1 608.874 nan
1.1 724.077 nan
1.1 861.078 nan
1.1 1024 nan
1.1 1217.75 nan
1.1 1448.15 nan
1.1 1722.16 nan
1.1 2048 nan
1.1 2435.5 nan
1.1 2896.31 nan
1.1 3444.31 nan

1.2 1.18921 32
1.2 1.41421 32
1.2 1.68179 32
1.2 2 32
1.2 2.37841 32
1.2 2.82843 32
1.2 3.36359 32
1.2 4 32
1.2 4.75683 32
1.2 5.65685 32
1.2 6.72717 32
1.2 8 32
1.2 9.51366 32
1.2 11.3137 162.548
1.2 13.4543 558.193
1.2 16 2075.37
1.2 19.0273 nan
1.2 22.6274 nan
1.2 26.9087 nan
1.2 32 nan
1.2 38.0546 nan
1.2 45.2548 nan
1.2 53.8174 nan
1.2 64 nan
1.2 76.1093 nan
1.2 90.5097 nan
1.2 107.635 nan
1.2 128 nan
1.2 152.219 nan
1.2 181.019 nan
1.2 215.269 nan
1.2 256 nan
1.2 304.437 nan
1.2 362.039 nan
1.2 430.539 nan
1.2 512 nan
1.2 608.874 nan
1.2 724.077 nan
1.2 861.078 nan
1.2 1024 nan
1.2 1217.75 nan
1.2 1448.15 nan
1.2 1722.16 nan
1.2 2048 nan
1.2 2435.5 nan
1.2 2896.31 nan
1.2 3444.31 nan

1.3 1.18921 32
1.3 1.41421 32
1.3 1.68179 32
1.3 2 32
1.3 2.37841 32
1.3 2.82843 32
1.3 3.36359 32
1.3 4 32
1.3 4.75683 32
1.3 5.65685 32
1.3 6.72717 32
1.3 8 32
1.3 9.51366 32
1.3 11.3137 127.788
1.3 13.4543 343.947
1.3 16 929.4
1.3 19.0273 2666.46
1.3 22.6274 nan
1.3 26.9087 nan
1.3 32 nan
1.3 38.0546 nan
1.3 45.2548 nan
1.3 53.8174 nan
1.3 64 nan
1.3 76.1093 nan
1.3 90.5097 nan
1.3 107.635 nan
1.3 128 nan
1.3 152.219 nan
1.3 181.019 nan
1.3 215.269 nan
1.3 256 nan
1.3 304.437 nan
1.3 362.039 nan
1.3 430.539 nan
1.3 512 nan
1.3 608.874 nan
1.3 724.077 nan
1.3 861.078 nan
1.3 1024 nan
1.3 1217.75 nan
1.3 1448.15 nan
1.3 1722.16 nan
1.3 2048 nan
1.3 2435.5 nan
1.3 2896.31 nan
1.3 3444.31 nan

1.4 1.18921 32
1.4 1.41421 32
1.4 1.68179 32
1.4 2 32
1.4 2.37841 32
1.4 2.82843 32
1.4 3.36359 32
1.4 4 32
1.4 4.75683 32
1.4 5.65685 32
1.4 6.72717 32
1.4 8 32
1.4 9.51366 32
1.4 11.3137 103.684
1.4 13.4543 241.237
1.4 16 539.903
1.4 19.0273 1222.54
1.4 22.6274 2860.45
1.4 26.9087 nan
1.4 32 nan
1.4 38.0546 nan
1.4 45.2548 nan
1.4 53.8174 nan
1.4 64 nan
1.4 76.1093 nan
1.4 90.5097 nan
1.4 107.635 nan
1.4 128 nan
1.4 152.219 nan
1.4 181.019 nan
1.4 215.269 nan
1.4 256 nan
1.4 304.437 nan
1.4 362.039 nan
1.4 430.539 nan
1.4 512 nan
1.4 608.874 nan
1.4 724.077 nan
1.4 861.078 nan
1.4 1024 nan
1.4 1217.75 nan
1.4 1448.15 nan
1.4 1722.16 nan
1.4 2048 nan
1.4 2435.5 nan
1.4 2896.31 nan
1.4 3444.31 nan

1.5 1.18921 32
1.5 1.41421 32
1.5 1.68179 32
1.5 2 32
1.5 2.37841 32
1.5 2.82843 32
1.5 3.36359 32
1.5 4 32
1.5 4.75683 32
1.5 5.65685 32
1.5 6.72717 32
1.5 8 32
1.5 9.51366 32
1.5 11.3137 88.0565
1.5 13.4543 183.177
1.5 16 362.319
1.5 19.0273 711.471
1.5 22.6274 1406.3
1.5 26.9087 2835.73
1.5 32 nan
1.5 38.0546 nan
1.5 45.2548 nan
1.5 53.8174 nan
1.5 64 nan
1.5 76.1093 nan
1.5 90.5097 nan
1.5 107.635 nan
1.5 128 nan
1.5 152.219 nan
1.5 181.019 nan
1.5 215.269 nan
1.5 256 nan
1.5 304.437 nan
1.5 362.039 nan
1.5 430.539 nan
1.5 512 nan
1.5 608.874 nan
1.5 724.077 nan
1.5 861.078 nan
1.5 1024 nan
1.5 1217.75 nan
1.5 1448.15 nan
1.5 1722.16 nan
1.5 2048 nan
1.5 2435.5 nan
1.5 2896.31 nan
1.5 3444.31 nan

1.6 1.18921 32
1.6 1.41421 32
1.6 1.68179 32
1.6 2 32
1.6 2.37841 32
1.6 2.82843 32
1.6 3.36359 32
1.6 4 32
1.6 4.75683 32
1.6 5.65685 32
1.6 6.72717 32
1.6 8 32
1.6 9.51366 32
1.6 11.3137 77.2126
1.6 13.4543 147.398
1.6 16 266.31
1.6 19.0273 473.673
1.6 22.6274 841.733
1.6 26.9087 1502.8
1.6 32 2718.41
1.6 38.0546 nan
1.6 45.2548 nan
1.6 53.8174 nan
1.6 64 nan
1.6 76.1093 nan
1.6 90.5097 nan
1.6 107.635 nan
1.6 128 nan
1.6 152.219 nan
1.6 181.019 nan
1.6 215.269 nan
1.6 256 nan
1.6 304.437 nan
1.6 362.039 nan
1.6 430.539 nan
1.6 512 nan
1.6 608.874 nan
1.6 724.077 nan
1.6 861.078 nan
1.6 1024 nan
1.6 1217.75 nan
1.6 1448.15 nan
1.6 1722.16 nan
1.6 2048 nan
1.6 2435.5 nan
1.6 2896.31 nan
1.6 3444.31 nan

1.7 1.18921 32
1.7 1.41421 32
1.7 1.68179 32
1.7 2 32
1.7 2.37841 32
1.7 2.82843 32
1.7 3.36359 32
1.7 4 32
1.7 4.75683 32
1.7 5.65685 32
1.7 6.72717 32
1.7 8 32
1.7 9.51366 32
1.7 11.3137 69.2835
1.7 13.4543 123.167
1.7 16 207.295
1.7 19.0273 344.308
1.7 22.6274 567.785
1.7 26.9087 933.93
1.7 32 1543.28
1.7 38.0546 2572.78
1.7 45.2548 nan
1.7 53.8174 nan
1.7 64 nan
1.7 76.1093 nan
1.7 90.5097 nan
1.7 107.635 nan
1.7 128 nan
1.7 152.219 nan
1.7 181.019 nan
1.7 215.269 nan
1.7 256 nan
1.7 304.437 nan
1.7 362.039 nan
1.7 430.539 nan
1.7 512 nan
1.7 608.874 nan
1.7 724.077 nan
1.7 861.078 nan
1.7 1024 nan
1.7 1217.75 nan
1.7 1448.15 nan
1.7 1722.16 nan
1.7 2048 nan
1.7 2435.5 nan
1.7 2896.31 nan
1.7 3444.31 nan

1.8 1.18921 32
1.8 1.41421 32
1.8 1.68179 32
1.8 2 32
1.8 2.37841 32
1.8 2.82843 32
1.8 3.36359 32
1.8 4 32
1.8 4.75683 32
1.8 5.65685 32
1.8 6.72717 32
1.8 8 32
1.8 9.51366 32
1.8 11.3137 62.8864
1.8 13.4543 104.901
1.8 16 168.857
1.8 19.0273 266.172
1.8 22.6274 414.15
1.8 26.9087 643.353
1.8 32 996.585
1.8 38.0546 1551.07
1.8 45.2548 2427.23
1.8 53.8174 3812.93
1.8 64 nan
1.8 76.1093 nan
1.8 90.5097 nan
1.8 107.635 nan
1.8 128 nan
1.8 152.219 nan
1.8 181.019 nan
1.8 215.269 nan
1.8 256 nan
1.8 304.437 nan
1.8 362.039 nan
1.8 430.539 nan
1.8 512 nan
1.8 608.874 nan
1.8 724.077 nan
1.8 861.078 nan
1.8 1024 nan
1.8 1217.75 nan
1.8 1448.15 nan
1.8 1722.16 nan
1.8 2048 nan
1.8 2435.5 nan
1.8 2896.31 nan
1.8 3444.31 nan

1.9 1.18921 32
1.9 1.41421 32
1.9 1.68179 32
1.9 2 32
1.9 2.37841 32
1.9 2.82843 32
1.9 3.36359 32
1.9 4 32
1.9 4.75683 32
1.9 5.65685 32
1.9 6.72717 32
1.9 8 32
1.9 9.51366 32
1.9 11.3137 56.2816
1.9 13.4543 91.7621
1.9 16 142.399
1.9 19.0273 214.173
1.9 22.6274 319.808
1.9 26.9087 474.575
1.9 32 702.777
1.9 38.0546 1038.47
1.9 45.2548 1541.12
1.9 53.8174 2292.82
1.9 64 3437.21
1.9 76.1093 nan
1.9 90.5097 nan
1.9 107.635 nan
1.9 128 nan
1.9 152.219 nan
1.9 181.019 nan
1.9 215.269 nan
1.9 256 nan
1.9 304.437 nan
1.9 362.039 nan
1.9 430.539 nan
1.9 512 nan
1.9 608.874 nan
1.9 724.077 nan
1.9 861.078 nan
1.9 1024 nan
1.9 1217.75 nan
1.9 1448.15 nan
1.9 1722.16 nan
1.9 2048 nan
1.9 2435.5 nan
1.9 2896.31 nan
1.9 3444.31 nan

2 1.18921 32
2 1.41421 32
2 1.68179 32
2 2 32
2 2.37841 32
2 2.82843 32
2 3.36359 32
2 4 32
2 4.75683 32
2 5.65685 32
2 6.72717 32
2 8 32
2 9.51366 32
2 11.3137 51.3694
2 13.4543 81.9208
2 16 122.845
2 19.0273 178.314
2 22.6274 257.721
2 26.9087 368.372
2 32 526.023
2 38.0546 749.342
2 45.2548 1066.36
2 53.8174 1522.5
2 64 2172.89
2 76.1093 3140.1
2 90.5097 nan
2 107.635 nan
2 128 nan
2 152.219 nan
2 181.019 nan
2 215.269 nan
2 256 nan
2 304.437 nan
2 362.039 nan
2 430.539 nan
2 512 nan
2 608.874 nan
2 724.077 nan
2 861.078 nan
2 1024 nan
2 1217.75 nan
2 1448.15 nan
2 1722.16 nan
2 2048 nan
2 2435.5 nan
2 2896.31 nan
2 3444.31 nan

2.1 1.18921 32
2.1 1.41421 32
2.1 1.68179 32
2.1 2 32
2.1 2.37841 32
2.1 2.82843 32
2.1 3.36359 32
2.1 4 32
2.1 4.75683 32
2.1 5.65685 32
2.1 6.72717 32
2.1 8 32
2.1 9.51366 32
2.1 11.3137 47.5683
2.1 13.4543 74.3006
2.1 16 107.345
2.1 19.0273 152.557
2.1 22.6274 213.509
2.1 26.9087 297.413
2.1 32 411.794
2.1 38.0546 569.645
2.1 45.2548 786.135
2.1 53.8174 1084.66
2.1 64 1500.54
2.1 76.1093 2067.55
2.1 90.5097 2902.17
2.1 107.635 4015.9
2.1 128 nan
2.1 152.219 nan
2.1 181.019 nan
2.1 215.269 nan
2.1 256 nan
2.1 304.437 nan
2.1 362.039 nan
2.1 430.539 nan
2.1 512 nan
2.1 608.874 nan
2.1 724.077 nan
2.1 861.078 nan
2.1 1024 nan
2.1 1217.75 nan
2.1 1448.15 nan
2.1 1722.16 nan
2.1 2048 nan
2.1 2435.5 nan
2.1 2896.31 nan
2.1 3444.31 nan

2.2 1.18921 32
2.2 1.41421 32
2.2 1.68179 32
2.2 2 32
2.2 2.37841 32
2.2 2.82843 32
2.2 3.36359 32
2.2 4 32
2.2 4.75683 32
2.2 5.65685 32
2.2 6.72717 32
2.2 8 32
2.2 9.51366 32
2.2 11.3137 44.5326
2.2 13.4543 68.2354
2.2 16 95.5647
2.2 19.0273 133.335
2.2 22.6274 181.632
2.2 26.9087 247.322
2.2 32 334.115
2.2 38.0546 450.507
2.2 45.2548 606.918
2.2 53.8174 815.745
2.2 64 1096.96
2.2 76.1093 1478.41
2.2 90.5097 1983
2.2 107.635 2709.65
2.2 128 3659.6
2.2 152.219 nan
2.2 181.019 nan
2.2 215.269 nan
2.2 256 nan
2.2 304.437 nan
2.2 362.039 nan
2.2 430.539 nan
2.2 512 nan
2.2 608.874 nan
2.2 724.077 nan
2.2 861.078 nan
2.2 1024 nan
2.2 1217.75 nan
2.2 1448.15 nan
2.2 1722.16 nan
2.2 2048 nan
2.2 2435.5 nan
2.2 2896.31 nan
2.2 3444.31 nan

2.3 1.18921 16
2.3 1.41421 16
2.3 1.68179 16
2.3 2 16
2.3 2.37841 16
2.3 2.82843 16
2.3 3.36359 16
2.3 4 16
2.3 4.75683 16
2.3 5.65685 16
2.3 6.72717 16
2.3 8 16
2.3 9.51366 16
2.3 11.3137 42.0453
2.3 13.4543 63.0811
2.3 16 86.3503
2.3 19.0273 117.778
2.3 22.6274 157.827
2.3 26.9087 210.047
2.3 32 278.835
2.3 38.0546 367.956
2.3 45.2548 485.168
2.3 53.8174 639.213
2.3 64 840.251
2.3 76.1093 1105.79
2.3 90.5097 1458
2.3 107.635 1913.26
2.3 128 2552.74
2.3 152.219 3380.05
2.3 181.019 nan
2.3 215.269 nan
2.3 256 nan
2.3 304.437 nan
2.3 362.039 nan
2.3 430.539 nan
2.3 512 nan
2.3 608.874 nan
2.3 724.077 nan
2.3 861.078 nan
2.3 1024 nan
2.3 1217.75 nan
2.3 1448.15 nan
2.3 1722.16 nan
2.3 2048 nan
2.3 2435.5 nan
2.3 2896.31 nan
2.3 3444.31 nan

2.4 1.18921 16
2.4 1.41421 16
2.4 1.68179 16
2.4 2 16
2.4 2.37841 16
2.4 2.82843 16
2.4 3.36359 16
2.4 4 16
2.4 4.75683 16
2.4 5.65685 16
2.4 6.72717 16
2.4 8 16
2.4 9.51366 16
2.4 11.3137 39.9638
2.4 13.4543 57.8883
2.4 16 78.9662
2.4 19.0273 105.323
2.4 22.6274 139.504
2.4 26.9087 182.082
2.4 32 237.564
2.4 38.0546 308.411
2.4 45.2548 399.248
2.4 53.8174 516.521
2.4 64 667.756
2.4 76.1093 861.307
2.4 90.5097 1112.99
2.4 107.635 1440.52
2.4 128 1855.46
2.4 152.219 2424.49
2.4 181.019 3158.73
2.4 215.269 4070.11
2.4 256 nan
2.4 304.437 nan
2.4 362.039 nan
2.4 430.539 nan
2.4 512 nan
2.4 608.874 nan
2.4 724.077 nan
2.4 861.078 nan
2.4 1024 nan
2.4 1217.75 nan
2.4 1448.15 nan
2.4 1722.16 nan
2.4 2048 nan
2.4 2435.5 nan
2.4 2896.31 nan
2.4 3444.31 nan

2.5 1.18921 16
2.5 1.41421 16
2.5 1.68179 16
2.5 2 16
2.5 2.37841 16
2.5 2.82843 16
2.5 3.36359 16
2.5 4 16
2.5 4.75683 16
2.5 5.65685 16
2.5 6.72717 16
2.5 8 16
2.5 9.51366 16
2.5 11.3137 38.1909
2.5 13.4543 53.704
2.5 16 72.9254
2.5 19.0273 95.4129
2.5 22.6274 124.814
2.5 26.9087 160.495
2.5 32 205.915
2.5 38.0546 263.938
2.5 45.2548 336.423
2.5 53.8174 428.396
2.5 64 545.413
2.5 76.1093 693.62
2.5 90.5097 880.246
2.5 107.635 1119.97
2.5 128 1426.79
2.5 152.219 1808.72
2.5 181.019 2320.02
2.5 215.269 2983.15
2.5 256 3788.96
2.5 304.437 nan
2.5 362.039 nan
2.5 430.539 nan
2.5 512 nan
2.5 608.874 nan
2.5 724.077 nan
2.5 861.078 nan
2.5 1024 nan
2.5 1217.75 nan
2.5 1448.15 nan
2.5 1722.16 nan
2.5 2048 nan
2.5 2435.5 nan
2.5 2896.31 nan
2.5 3444.31 nan

2.6 1.18921 16
2.6 1.41421 16
2.6 1.68179 16
2.6 2 16
2.6 2.37841 16
2.6 2.82843 16
2.6 3.36359 16
2.6 4 16
2.6 4.75683 16
2.6 5.65685 16
2.6 6.72717 16
2.6 8 16
2.6 9.51366 16
2.6 11.3137 36.658
2.6 13.4543 50.2614
2.6 16 67.8947
2.6 19.0273 87.3642
2.6 22.6274 112.394
2.6 26.9087 143.421
2.6 32 181.365
2.6 38.0546 229.262
2.6 45.2548 289.007
2.6 53.8174 363.112
2.6 64 455.848
2.6 76.1093 572.451
2.6 90.5097 717.749
2.6 107.635 898.173
2.6 128 1127.86
2.6 152.219 1417.45
2.6 181.019 1772.39
2.6 215.269 2236.04
2.6 256 2844.89
2.6 304.437 3570.43
2.6 362.039 nan
2.6 430.539 nan
2.6 512 nan
2.6 608.874 nan
2.6 724.077 nan
2.6 861.078 nan
2.6 1024 nan
2.6 1217.75 nan
2.6 1448.15 nan
2.6 1722.16 nan
2.6 2048 nan
2.6 2435.5 nan
2.6 2896.31 nan
2.6 3444.31 nan

2.7 1.18921 16
2.7 1.41421 16
2.7 1.68179 16
2.7 2 16
2.7 2.37841 16
2.7 2.82843 16
2.7 3.36359 16
2.7 4 16
2.7 4.75683 16
2.7 5.65685 16
2.7 6.72717 16
2.7 8 16
2.7 9.51366 16
2.7 11.3137 35.3156
2.7 13.4543 47.3785
2.7 16 63.5554
2.7 19.0273 80.7098
2.7 22.6274 102.333
2.7 26.9087 129.626
2.7 32 161.882
2.7 38.0546 202.062
2.7 45.2548 252.145
2.7 53.8174 313.323
2.7 64 388.775
2.7 76.1093 482.072
2.7 90.5097 598.312
2.7 107.635 740.998
2.7 128 916.046
2.7 152.219 1137.65
2.7 181.019 1413.13
2.7 215.269 1746.15
2.7 256 2170.5
2.7 304.437 2738.39
2.7 362.039 3403.04
2.7 430.539 nan
2.7 512 nan
2.7 608.874 nan
2.7 724.077 nan
2.7 861.078 nan
2.7 1024 nan
2.7 1217.75 nan
2.7 1448.15 nan
2.7 1722.16 nan
2.7 2048 nan
2.7 2435.5 nan
2.7 2896.31 nan
2.7 3444.31 nan

2.8 1.18921 16
2.8 1.41421 16
2.8 1.68179 16
2.8 2 16
2.8 2.37841 16
2.8 2.82843 16
2.8 3.36359 16
2.8 4 16
2.8 4.75683 16
2.8 5.65685 16
2.8 6.72717 16
2.8 8 16
2.8 9.51366 16
2.8 11.3137 34.127
2.8 13.4543 44.9273
2.8 16 59.1394
2.8 19.0273 75.1219
2.8 22.6274 94.0413
2.8 26.9087 117.706
2.8 32 146.106
2.8 38.0546 180.376
2.8 45.2548 222.599
2.8 53.8174 274.365
2.8 64 337.099
2.8 76.1093 413.75
2.8 90.5097 507.547
2.8 107.635 623.658
2.8 128 764.163
2.8 152.219 934.735
2.8 181.019 1150.3
2.8 215.269 1414.48
2.8 256 1729.97
2.8 304.437 2122.49
2.8 362.039 2660.25
2.8 430.539 3279.35
2.8 512 4001.1
2.8 608.874 nan
2.8 724.077 nan
2.8 861.078 nan
2.8 1024 nan
2.8 1217.75 nan
2.8 1448.15 nan
2.8 1722.16 nan
2.8 2048 nan
2.8 2435.5 nan
2.8 2896.31 nan
2.8 3444.31 nan

2.9 1.18921 16
2.9 1.41421 16
2.9 1.68179 8
2.9 2 16
2.9 2.37841 16
2.9 2.82843 16
2.9 3.36359 16
2.9 4 16
2.9 4.75683 16
2.9 5.65685 16
2.9 6.72717 16
2.9 8 16
2.9 9.51366 16
2.9 11.3137 33.0644
2.9 13.4543 42.8157
2.9 16 55.4364
2.9 19.0273 70.3647
2.9 22.6274 87.102
2.9 26.9087 107.799
2.9 32 133.104
2.9 38.0546 162.761
2.9 45.2548 198.921
2.9 53.8174 243.046
2.9 64 296.336
2.9 76.1093 360.595
2.9 90.5097 438.405
2.9 107.635 533.237
2.9 128 649.151
2.9 152.219 788.02
2.9 181.019 955.083
2.9 215.269 1166.77
2.9 256 1422.29
2.9 304.437 1724.13
2.9 362.039 2092.12
2.9 430.539 2608.83
2.9 512 3194.94
2.9 608.874 3868.19
2.9 724.077 nan
2.9 861.078 nan
2.9 1024 nan
2.9 1217.75 nan
2.9 1448.15 nan
2.9 1722.16 nan
2.9 2048 nan
2.9 2435.5 nan
2.9 2896.31 nan
2.9 3444.31 nan

3.02839 1.18921 16
3.02839 1.41421 16
3.02839 1.68179 16
3.02839 2 16
3.02839 2.37841 16
3.02839 2.82843 16
3.02839 3.36359 16
3.02839 4 16
3.02839 4.75683 16
3.02839 5.65685 16
3.02839 6.72717 16
3.02839 8 16
3.02839 9.51366 16
3.02839 11.3137 31.4162
3.02839 13.4543 40.495
3.02839 16 51.4783
3.02839 19.0273 65.2013
3.02839 22.6274 79.7049
3.02839 26.9087 97.4091
3.02839 32 119.029
3.02839 38.0546 144.531
3.02839 45.2548 174.769
3.02839 53.8174 211.241
3.02839 64 255.266
3.02839 76.1093 307.892
3.02839 90.5097 370.806
3.02839 107.635 446.204
3.02839 128 537.474
3.02839 152.219 648.216
3.02839 181.019 779.367
3.02839 215.269 935.437
3.02839 256 1131.25
3.02839 304.437 1369.07
3.02839 362.039 1645.86
3.02839 430.539 1970.98
3.02839 512 2434.32
3.02839 608.874 2975.73
3.02839 724.077 3584.84
3.02839 861.078 nan
3.02839 1024 nan
3.02839 1217.75 nan
3.02839 1448.15 nan
3.02839 1722.16 nan
3.02839 2048 nan
3.02839 2435.5 nan
3.02839 2896.31 nan
3.02839 3444.31 nan

3.16247 1.18921 16
3.16247 1.41421 16
3.16247 1.68179 16
3.16247 2 16
3.16247 2.37841 16
3.16247 2.82843 16
3.16247 3.36359 16
3.16247 4 16
3.16247 4.75683 16
3.16247 5.65685 16
3.16247 6.72717 16
3.16247 8 16
3.16247 9.51366 16
3.16247 11.3137 27.8112
3.16247 13.4543 38.4374
3.16247 16 48.0695
3.16247 19.0273 60.1104
3.16247 22.6274 73.3543
3.16247 26.9087 88.644
3.16247 32 107.1
3.16247 38.0546 129.328
3.16247 45.2548 154.953
3.16247 53.8174 185.528
3.16247 64 222.054
3.16247 76.1093 265.736
3.16247 90.5097 317.65
3.16247 107.635 379.142
3.16247 128 452.169
3.16247 152.219 540.183
3.16247 181.019 646.473
3.16247 215.269 771.03
3.16247 256 917.81
3.16247 304.437 1099.79
3.16247 362.039 1324.49
3.16247 430.539 1582.27
3.16247 512 1881.11
3.16247 608.874 2288.97
3.16247 724.077 2803.38
3.16247 861.078 3371.49
3.16247 1024 4007.02
3.16247 1217.75 nan
3.16247 1448.15 nan
3.16247 1722.16 nan
3.16247 2048 nan
3.16247 2435.5 nan
3.16247 2896.31 nan
3.16247 3444.31 nan

3.30249 1.18921 16
3.30249 1.41421 16
3.30249 1.68179 16
3.30249 2 16
3.30249 2.37841 16
3.30249 2.82843 16
3.30249 3.36359 16
3.30249 4 16
3.30249 4.75683 16
3.30249 5.65685 16
3.30249 6.72717 16
3.30249 8 16
3.30249 9.51366 16
3.30249 11.3137 25.3783
3.30249 13.4543 36.5976
3.30249 16 45.1041
3.30249 19.0273 55.5826
3.30249 22.6274 67.8441
3.30249 26.9087 81.1678
3.30249 32 97.082
3.30249 38.0546 116.1
3.30249 45.2548 138.448
3.30249 53.8174 164.434
3.30249 64 195.179
3.30249 76.1093 231.598
3.30249 90.5097 274.945
3.30249 107.635 326.158
3.30249 128 386.328
3.30249 152.219 457.225
3.30249 181.019 542.561
3.30249 215.269 645.385
3.30249 256 764.73
3.30249 304.437 904.14
3.30249 362.039 1074.64
3.30249 430.539 1290.88
3.30249 512 1535.68
3.30249 608.874 1815.93
3.30249 724.077 2176.26
3.30249 861.078 2679.08
3.30249 1024 3226.75
3.30249 1217.75 3828.83
3.30249 1448.15 nan
3.30249 1722.16 nan
3.30249 2048 nan
3.30249 2435.5 nan
3.30249 2896.31 nan
3.30249 3444.31 nan

3.4487 1.18921 8
3.4487 1.41421 8
3.4487 1.68179 8
3.4487 2 8
3.4487 2.37841 8
3.4487 2.82843 8
3.4487 3.36359 8
3.4487 4 8
3.4487 4.75683 8
3.4487 5.65685 8
3.4487 6.72717 8
3.4487 8 8
3.4487 9.51366 8
3.4487 11.3137 23.6468
3.4487 13.4543 34.9393
3.4487 16 42.5005
3.4487 19.0273 51.6921
3.4487 22.6274 62.8679
3.4487 26.9087 74.722
3.4487 32 88.5758
3.4487 38.0546 104.977
3.4487 45.2548 124.401
3.4487 53.8174 146.868
3.4487 64 173.116
3.4487 76.1093 203.944
3.4487 90.5097 240.194
3.4487 107.635 283.375
3.4487 128 334.043
3.4487 152.219 393.16
3.4487 181.019 462.35
3.4487 215.269 545.888
3.4487 256 646.476
3.4487 304.437 762.223
3.4487 362.039 896.388
3.4487 430.539 1058.47
3.4487 512 1270.98
3.4487 608.874 1508.83
3.4487 724.077 1778.02
3.4487 861.078 2104.01
3.4487 1024 2608.16
3.4487 1217.75 3153.3
3.4487 1448.15 3745.21
3.4487 1722.16 nan
3.4487 2048 nan
3.4487 2435.5 nan
3.4487 2896.31 nan
3.4487 3444.31 nan

3.60139 1.18921 16
3.60139 1.41421 16
3.60139 1.68179 16
3.60139 2 16
3.60139 2.37841 16
3.60139 2.82843 16
3.60139 3.36359 16
3.60139 4 16
3.60139 4.75683 16
3.60139 5.65685 16
3.60139 6.72717 16
3.60139 8 16
3.60139 9.51366 16
3.60139 11.3137 22.3641
3.60139 13.4543 33.4332
3.60139 16 40.1946
3.60139 19.0273 48.3168
3.60139 22.6274 58.076
3.60139 26.9087 69.1038
3.60139 32 81.2746
3.60139 38.0546 95.5605
3.60139 45.2548 112.34
3.60139 53.8174 132.003
3.60139 64 154.732
3.60139 76.1093 181.212
3.60139 90.5097 212.117
3.60139 107.635 248.232
3.60139 128 291.594
3.60139 152.219 342.017
3.60139 181.019 400.504
3.60139 215.269 468.583
3.60139 256 551.592
3.60139 304.437 651.396
3.60139 362.039 765.386
3.60139 430.539 896.634
3.60139 512 1054.76
3.60139 608.874 1268.22
3.60139 724.077 1505.15
3.60139 861.078 1770.74
3.60139 1024 2084.8
3.60139 1217.75 2600.83
3.60139 1448.15 3158.57
3.60139 1722.16 3760.71
3.60139 2048 nan
3.60139 2435.5 nan
3.60139 2896.31 nan
3.60139 3444.31 nan

3.76083 1.18921 16
3.76083 1.41421 16
3.76083 1.68179 16
3.76083 2 16
3.76083 2.37841 16
3.76083 2.82843 16
3.76083 3.36359 16
3.76083 4 16
3.76083 4.75683 16
3.76083 5.65685 16
3.76083 6.72717 16
3.76083 8 16
3.76083 9.51366 16
3.76083 11.3137 21.3842
3.76083 13.4543 32.055
3.76083 16 38.1355
3.76083 19.0273 45.3618
3.76083 22.6274 53.9526
3.76083 26.9087 64.1503
3.76083 32 74.9386
3.76083 38.0546 87.5032
3.76083 45.2548 102.15
3.76083 53.8174 119.234
3.76083 64 139.162
3.76083 76.1093 162.246
3.76083 90.5097 188.997
3.76083 107.635 220.058
3.76083 128 256.178
3.76083 152.219 300.259
3.76083 181.019 350.878
3.76083 215.269 409.317
3.76083 256 477.046
3.76083 304.437 561.332
3.76083 362.039 662.017
3.76083 430.539 776.316
3.76083 512 907.197
3.76083 608.874 1068.11
3.76083 724.077 1287.03
3.76083 861.078 1528.98
3.76083 1024 1798.47
3.76083 1217.75 2133.7
3.76083 1448.15 2670.5
3.76083 1722.16 3253.39
3.76083 2048 3883.18
3.76083 2435.5 nan
3.76083 2896.31 nan
3.76083 3444.31 nan

3.92734 1.18921 16
3.92734 1.41421 16
3.92734 1.68179 16
3.92734 2 16
3.92734 2.37841 16
3.92734 2.82843 16
3.92734 3.36359 16
3.92734 4 16
3.92734 4.75683 16
3.92734 5.65685 16
3.92734 6.72717 16
3.92734 8 16
3.92734 9.51366 16
3.92734 11.3137 20.6169
3.92734 13.4543 29.4273
3.92734 16 36.2818
3.92734 19.0273 42.7526
3.92734 22.6274 50.3717
3.92734 26.9087 59.3449
3.92734 32 69.3761
3.92734 38.0546 80.5323
3.92734 45.2548 93.4486
3.92734 53.8174 108.416
3.92734 64 125.768
3.92734 76.1093 146.16
3.92734 90.5097 169.676
3.92734 107.635 196.814
3.92734 128 228.193
3.92734 152.219 265.204
3.92734 181.019 310.141
3.92734 215.269 361.538
3.92734 256 420.666
3.92734 304.437 488.979
3.92734 362.039 577.071
3.92734 430.539 680.501
3.92734 512 797.415
3.92734 608.874 930.73
3.92734 724.077 1103.98
3.92734 861.078 1332.73
3.92734 1024 1585.53
3.92734 1217.75 1866.39
3.92734 1448.15 2263.46
3.92734 1722.16 2829.32
3.92734 2048 3447.9
3.92734 2435.5 nan
3.92734 2896.31 nan
3.92734 3444.31 nan

4.10122 1.18921 16
4.10122 1.41421 16
4.10122 1.68179 16
4.10122 2 16
4.10122 2.37841 16
4.10122 2.82843 16
4.10122 3.36359 16
4.10122 4 16
4.10122 4.75683 16
4.10122 5.65685 16
4.10122 6.72717 16
4.10122 8 16
4.10122 9.51366 17.1107
4.10122 11.3137 21.9831
4.10122 13.4543 28.2408
4.10122 16 34.5997
4.10122 19.0273 40.4296
4.10122 22.6274 47.2348
4.10122 26.9087 55.1812
4.10122 32 64.4299
4.10122 38.0546 74.4306
4.10122 45.2548 85.9363
4.10122 53.8174 99.1903
4.10122 64 114.471
4.10122 76.1093 132.255
4.10122 90.5097 153.262
4.10122 107.635 177.353
4.10122 128 205.068
4.10122 152.219 237.017
4.10122 181.019 275.758
4.10122 215.269 322.14
4.10122 256 375.045
4.10122 304.437 435.762
4.10122 362.039 505.772
4.10122 430.539 601.102
4.10122 512 709.341
4.10122 608.874 831.427
4.10122 724.077 970.278
4.10122 861.078 1168.04
4.10122 1024 1410.88
4.10122 1217.75 1680.23
4.10122 1448.15 1979.91
4.10122 1722.16 2479.84
4.10122 2048 3082.79
4.10122 2435.5 3746.24
4.10122 2896.31 nan
4.10122 3444.31 nan

4.2828 1.18921 16
4.2828 1.41421 16
4.2828 1.68179 16
4.2828 2 16
4.2828 2.37841 16
4.2828 2.82843 16
4.2828 3.36359 16
4.2828 4 16
4.2828 4.75683 16
4.2828 5.65685 16
4.2828 6.72717 16
4.2828 8 16
4.2828 9.51366 16.8894
4.2828 11.3137 21.2549
4.2828 13.4543 26.7468
4.2828 16 33.0605
4.2828 19.0273 38.3443
4.2828 22.6274 44.464
4.2828 26.9087 51.555
4.2828 32 59.7737
4.2828 38.0546 69.0205
4.2828 45.2548 79.3739
4.2828 53.8174 91.2367
4.2828 64 104.845
4.2828 76.1093 120.469
4.2828 90.5097 139.051
4.2828 107.635 160.795
4.2828 128 185.677
4.2828 152.219 214.241
4.2828 181.019 247.105
4.2828 215.269 288.757
4.2828 256 337.308
4.2828 304.437 392.606
4.2828 362.039 455.991
4.2828 430.539 533.159
4.2828 512 635.978
4.2828 608.874 751.292
4.2828 724.077 881.381
4.2828 861.078 1031.28
4.2828 1024 1264.95
4.2828 1217.75 1526.2
4.2828 1448.15 1817.72
4.2828 1722.16 2199.6
4.2828 2048 2780.44
4.2828 2435.5 3427.95
4.2828 2896.31 nan
4.2828 3444.31 nan

4.47241 1.18921 16
4.47241 1.41421 16
4.47241 1.68179 16
4.47241 2 16
4.47241 2.37841 16
4.47241 2.82843 16
4.47241 3.36359 16
4.47241 4 16
4.47241 4.75683 16
4.47241 5.65685 16
4.47241 6.72717 16
4.47241 8 16
4.47241 9.51366 16.6634
4.47241 11.3137 20.5971
4.47241 13.4543 25.4574
4.47241 16 31.4633
4.47241 19.0273 36.4563
4.47241 22.6274 41.9959
4.47241 26.9087 48.3704
4.47241 32 55.7084
4.47241 38.0546 64.1534
4.47241 45.2548 73.5669
4.47241 53.8174 84.2985
4.47241 64 96.5549
4.47241 76.1093 110.569
4.47241 90.5097 126.605
4.47241 107.635 146.442
4.47241 128 169.158
4.47241 152.219 195.122
4.47241 181.019 224.897
4.47241 215.269 259.661
4.47241 256 305.271
4.47241 304.437 356.86
4.47241 362.039 415.61
4.47241 430.539 482.938
4.47241 512 573.403
4.47241 608.874 684.314
4.47241 724.077 809.184
4.47241 861.078 950.392
4.47241 1024 1144.88
4.47241 1217.75 1397.4
4.47241 1448.15 1681.51
4.47241 1722.16 2000.76
4.47241 2048 2531.59
4.47241 2435.5 3157.98
4.47241 2896.31 3856.65
4.47241 3444.31 nan

4.67042 1.18921 16
4.67042 1.41421 16
4.67042 1.68179 16
4.67042 2 16
4.67042 2.37841 16
4.67042 2.82843 16
4.67042 3.36359 16
4.67042 4 16
4.67042 4.75683 16
4.67042 5.65685 16
4.67042 6.72717 16
4.67042 8 16
4.67042 9.51366 16.4346
4.67042 11.3137 19.9974
4.67042 13.4543 24.3306
4.67042 16 29.6014
4.67042 19.0273 34.7316
4.67042 22.6274 39.7787
4.67042 26.9087 45.5504
4.67042 32 52.1543
4.67042 38.0546 59.7127
4.67042 45.2548 68.353
4.67042 53.8174 78.1673
4.67042 64 89.3299
4.67042 76.1093 102.049
4.67042 90.5097 116.557
4.67042 107.635 133.741
4.67042 128 154.836
4.67042 152.219 178.83
4.67042 181.019 206.252
4.67042 215.269 237.697
4.67042 256 277.392
4.67042 304.437 326.511
4.67042 362.039 382.167
4.67042 430.539 445.617
4.67042 512 520.248
4.67042 608.874 627.379
4.67042 724.077 748.517
4.67042 861.078 885.644
4.67042 1024 1047.8
4.67042 1217.75 1290.62
4.67042 1448.15 1565.96
4.67042 1722.16 1877.51
4.67042 2048 2323.74
4.67042 2435.5 2927.73
4.67042 2896.31 3605.05
4.67042 3444.31 nan

4.8772 1.18921 16
4.8772 1.41421 16
4.8772 1.68179 16
4.8772 2 16
4.8772 2.37841 16
4.8772 2.82843 16
4.8772 3.36359 16
4.8772 4 16
4.8772 4.75683 16
4.8772 5.65685 16
4.8772 6.72717 16
4.8772 8 16
4.8772 9.51366 16.2039
4.8772 11.3137 19.4462
4.8772 13.4543 23.3351
4.8772 16 28.0002
4.8772 19.0273 33.1402
4.8772 22.6274 37.7684
4.8772 26.9087 43.0317
4.8772 32 49.0213
4.8772 38.0546 55.8405
4.8772 45.2548 63.6065
4.8772 53.8174 72.6707
4.8772 64 82.9523
4.8772 76.1093 94.6297
4.8772 90.5097 107.916
4.8772 107.635 123.048
4.8772 128 142.176
4.8772 152.219 164.718
4.8772 181.019 190.379
4.8772 215.269 219.728
4.8772 256 253.413
4.8772 304.437 300.176
4.8772 362.039 353.78
4.8772 430.539 414.707
4.8772 512 484.321
4.8772 608.874 579.336
4.8772 724.077 696.831
4.8772 861.078 830.541
4.8772 1024 982.841
4.8772 1217.75 1201.97
4.8772 1448.15 1467.76
4.8772 1722.16 1770.01
4.8772 2048 2145.95
4.8772 2435.5 2728.26
4.8772 2896.31 3383.83
4.8772 3444.31 nan

5.09313 1.18921 16
5.09313 1.41421 16
5.09313 1.68179 16
5.09313 2 16
5.09313 2.37841 16
5.09313 2.82843 16
5.09313 3.36359 16
5.09313 4 16
5.09313 4.75683 16
5.09313 5.65685 16
5.09313 6.72717 16
5.09313 8 16
5.09313 9.51366 16
5.09313 11.3137 18.9357
5.09313 13.4543 22.447
5.09313 16 26.6077
5.09313 19.0273 31.5389
5.09313 22.6274 35.9275
5.09313 26.9087 40.7613
5.09313 32 46.2358
5.09313 38.0546 52.4399
5.09313 45.2548 59.4735
5.09313 53.8174 67.6644
5.09313 64 77.2429
5.09313 76.1093 88.0881
5.09313 90.5097 100.399
5.09313 107.635 114.397
5.09313 128 130.776
5.09313 152.219 152.277
5.09313 181.019 176.663
5.09313 215.269 204.469
5.09313 256 236.321
5.09313 304.437 277.131
5.09313 362.039 329.193
5.09313 430.539 388.413
5.09313 512 456.005
5.09313 608.874 539.442
5.09313 724.077 652.977
5.09313 861.078 782.97
5.09313 1024 931.803
5.09313 1217.75 1127.01
5.09313 1448.15 1383.38
5.09313 1722.16 1675.75
5.09313 2048 2009.11
5.09313 2435.5 2552.44
5.09313 2896.31 3187.24
5.09313 3444.31 3898.81

5.31862 1.18921 16
5.31862 1.41421 16
5.31862 1.68179 16
5.31862 2 16
5.31862 2.37841 16
5.31862 2.82843 16
5.31862 3.36359 16
5.31862 4 16
5.31862 4.75683 16
5.31862 5.65685 16
5.31862 6.72717 16
5.31862 8 16
5.31862 9.51366 16
5.31862 11.3137 18.4597
5.31862 13.4543 21.6478
5.31862 16 25.3847
5.31862 19.0273 29.7658
5.31862 22.6274 34.2231
5.31862 26.9087 38.6942
5.31862 32 43.7364
5.31862 38.0546 49.4277
5.31862 45.2548 55.8552
5.31862 53.8174 63.1167
5.31862 64 72.0531
5.31862 76.1093 82.2407
5.31862 90.5097 93.7796
5.31862 107.635 106.882
5.31862 128 121.784
5.31862 152.219 141.128
5.31862 181.019 164.614
5.31862 215.269 191.327
5.31862 256 221.862
5.31862 304.437 257.156
5.31862 362.039 307.763
5.31862 430.539 365.571
5.31862 512 431.7
5.31862 608.874 507.545
5.31862 724.077 615.898
5.31862 861.078 741.817
5.31862 1024 886.636
5.31862 1217.75 1061.98
5.31862 1448.15 1309.54
5.31862 1722.16 1592.29
5.31862 2048 1915.07
5.31862 2435.5 2395.23
5.31862 2896.31 3010.61
5.31862 3444.31 3701.58

5.5541 1.18921 16
5.5541 1.41421 16
5.5541 1.68179 16
5.5541 2 16
5.5541 2.37841 16
5.5541 2.82843 16
5.5541 3.36359 16
5.5541 4 16
5.5541 4.75683 16
5.5541 5.65685 16
5.5541 6.72717 16
5.5541 8 16
5.5541 9.51366 16
5.5541 11.3137 18.0125
5.5541 13.4543 20.9226
5.5541 16 24.301
5.5541 19.0273 28.2239
5.5541 22.6274 32.6263
5.5541 26.9087 36.7919
5.5541 32 41.4715
5.5541 38.0546 46.7349
5.5541 45.2548 52.6599
5.5541 53.8174 59.3329
5.5541 64 67.2582
5.5541 76.1093 76.9363
5.5541 90.5097 87.8729
5.5541 107.635 100.274
5.5541 128 114.371
5.5541 152.219 131.034
5.5541 181.019 153.867
5.5541 215.269 179.821
5.5541 256 209.448
5.5541 304.437 243.416
5.5541 362.039 289.246
5.5541 430.539 345.596
5.5541 512 410.346
5.5541 608.874 484.84
5.5541 724.077 584.222
5.5541 861.078 706.021
5.5541 1024 846.48
5.5541 1217.75 1008.65
5.5541 1448.15 1243.76
5.5541 1722.16 1517.49
5.5541 2048 1830.13
5.5541 2435.5 2253.16
5.5541 2896.31 2850.41
5.5541 3444.31 3522.26

5.8 1.18921 8
5.8 1.41421 8
5.8 1.68179 8
5.8 2 8
5.8 2.37841 8
5.8 2.82843 8
5.8 3.36359 8
5.8 4 8
5.8 4.75683 8
5.8 5.65685 8
5.8 6.72717 8
5.8 8 8
5.8 9.51366 8
5.8 11.3137 17.5894
5.8 13.4543 20.2597
5.8 16 23.3333
5.8 19.0273 26.8719
5.8 22.6274 30.9466
5.8 26.9087 35.0214
5.8 32 39.3973
5.8 38.0546 44.3039
5.8 45.2548 49.8118
5.8 53.8174 55.9992
5.8 64 62.9533
5.8 76.1093 72.0491
5.8 90.5097 82.5274
5.8 107.635 94.3925
5.8 128 107.873
5.8 152.219 123.227
5.8 181.019 144.212
5.8 215.269 169.6
5.8 256 198.597
5.8 304.437 231.834
5.8 362.039 273.46
5.8 430.539 328.208
5.8 512 391.422
5.8 608.874 464.452
5.8 724.077 556.598
5.8 861.078 674.461
5.8 1024 810.555
5.8 1217.75 967.917
5.8 1448.15 1184.32
5.8 1722.16 1449.72
5.8 2048 1752.91
5.8 2435.5 2123.75
5.8 2896.31 2704.04
5.8 3444.31 3358.11

6.05679 1.18921 8
6.05679 1.41421 8
6.05679 1.68179 8
6.05679 2 8
6.05679 2.37841 8
6.05679 2.82843 8
6.05679 3.36359 8
6.05679 4 8
6.05679 4.75683 8
6.05679 5.65685 8
6.05679 6.72717 8
6.05679 8 8
6.05679 9.51366 8
6.05679 11.3137 17.1872
6.05679 13.4543 19.6499
6.05679 16 22.4632
6.05679 19.0273 25.6779
6.05679 22.6274 29.3518
6.05679 26.9087 33.3543
6.05679 32 37.4775
6.05679 38.0546 42.0876
6.05679 45.2548 47.2503
6.05679 53.8174 53.0381
6.05679 64 59.5311
6.05679 76.1093 67.4843
6.05679 90.5097 77.6247
6.05679 107.635 89.0942
6.05679 128 102.12
6.05679 152.219 116.963
6.05679 181.019 135.594
6.05679 215.269 160.48
6.05679 256 188.973
6.05679 304.437 221.676
6.05679 362.039 260.053
6.05679 430.539 313.132
6.05679 512 374.639
6.05679 608.874 445.964
6.05679 724.077 531.987
6.05679 861.078 646.184
6.05679 1024 778.111
6.05679 1217.75 930.725
6.05679 1448.15 1130.07
6.05679 1722.16 1387.78
6.05679 2048 1682.23
6.05679 2435.5 2018.83
6.05679 2896.31 2569.5
6.05679 3444.31 3206.99

