# T0 = 30
# mxlib uncomp [dev]: 15c346a9a22d5b28a2224372f9d9f720bd775978
# mxlib comp [dev]: 38139e97f9e4c035fd45e2571fd22f6c821a6b80
# pointingEnv [main]: 3cf5ddfc1a0da1f0a303c92d477776fbd28ce3a2
1 1.18921 2
1 1.41421 2
1 1.68179 2
1 2 2
1 2.37841 2
1 2.82843 2
1 3.36359 2
1 4 2
1 4.75683 2
1 5.65685 2
1 6.72717 2
1 8 2
1 9.51366 2
1 11.3137 11.797
1 13.4543 131.85
1 16 nan
1 19.0273 nan
1 22.6274 nan
1 26.9087 nan
1 32 nan
1 38.0546 nan
1 45.2548 nan
1 53.8174 nan
1 64 nan
1 76.1093 nan
1 90.5097 nan
1 107.635 nan
1 128 nan
1 152.219 nan
1 181.019 nan
1 215.269 nan
1 256 nan
1 304.437 nan
1 362.039 nan
1 430.539 nan
1 512 nan
1 608.874 nan
1 724.077 nan
1 861.078 nan
1 1024 nan
1 1217.75 nan
1 1448.15 nan
1 1722.16 nan
1 2048 nan
1 2435.5 nan
1 2896.31 nan
1 3444.31 nan

1.1 1.18921 2
1.1 1.41421 2
1.1 1.68179 2
1.1 2 2
1.1 2.37841 2
1.1 2.82843 2
1.1 3.36359 2
1.1 4 2
1.1 4.75683 2
1.1 5.65685 2
1.1 6.72717 2
1.1 8 2
1.1 9.51366 2
1.1 11.3137 7.47704
1.1 13.4543 38.0855
1.1 16 250.302
1.1 19.0273 3321.15
1.1 22.6274 nan
1.1 26.9087 nan
1.1 32 nan
1.1 38.0546 nan
1.1 45.2548 nan
1.1 53.8174 nan
1.1 64 nan
1.1 76.1093 nan
1.1 90.5097 nan
1.1 107.635 nan
1.1 128 nan
1.1 152.219 nan
1.1 181.019 nan
1.1 215.269 nan
1.1 256 nan
1.1 304.437 nan
1.1 362.039 nan
1.1 430.539 nan
1.1 512 nan
1.1 608.874 nan
1.1 724.077 nan
1.1 861.078 nan
1.1 1024 nan
1.1 1217.75 nan
1.1 1448.15 nan
1.1 1722.16 nan
1.1 2048 nan
1.1 2435.5 nan
1.1 2896.31 nan
1.1 3444.31 nan

1.2 1.18921 2
1.2 1.41421 2
1.2 1.68179 2
1.2 2 2
1.2 2.37841 2
1.2 2.82843 2
1.2 3.36359 2
1.2 4 2
1.2 4.75683 2
1.2 5.65685 2
1.2 6.72717 2
1.2 8 2
1.2 9.51366 2
1.2 11.3137 5.4078
1.2 13.4543 18.5443
1.2 16 67.6495
1.2 19.0273 274.724
1.2 22.6274 1317.42
1.2 26.9087 nan
1.2 32 nan
1.2 38.0546 nan
1.2 45.2548 nan
1.2 53.8174 nan
1.2 64 nan
1.2 76.1093 nan
1.2 90.5097 nan
1.2 107.635 nan
1.2 128 nan
1.2 152.219 nan
1.2 181.019 nan
1.2 215.269 nan
1.2 256 nan
1.2 304.437 nan
1.2 362.039 nan
1.2 430.539 nan
1.2 512 nan
1.2 608.874 nan
1.2 724.077 nan
1.2 861.078 nan
1.2 1024 nan
1.2 1217.75 nan
1.2 1448.15 nan
1.2 1722.16 nan
1.2 2048 nan
1.2 2435.5 nan
1.2 2896.31 nan
1.2 3444.31 nan

1.3 1.18921 1
1.3 1.41421 1
1.3 1.68179 1
1.3 2 1
1.3 2.37841 1
1.3 2.82843 1
1.3 3.36359 1
1.3 4 1
1.3 4.75683 1
1.3 5.65685 1
1.3 6.72717 1
1.3 8 1
1.3 9.51366 1
1.3 11.3137 4.24905
1.3 13.4543 11.4376
1.3 16 30.7427
1.3 19.0273 85.7496
1.3 22.6274 247.808
1.3 26.9087 758.127
1.3 32 2779.35
1.3 38.0546 nan
1.3 45.2548 nan
1.3 53.8174 nan
1.3 64 nan
1.3 76.1093 nan
1.3 90.5097 nan
1.3 107.635 nan
1.3 128 nan
1.3 152.219 nan
1.3 181.019 nan
1.3 215.269 nan
1.3 256 nan
1.3 304.437 nan
1.3 362.039 nan
1.3 430.539 nan
1.3 512 nan
1.3 608.874 nan
1.3 724.077 nan
1.3 861.078 nan
1.3 1024 nan
1.3 1217.75 nan
1.3 1448.15 nan
1.3 1722.16 nan
1.3 2048 nan
1.3 2435.5 nan
1.3 2896.31 nan
1.3 3444.31 nan

1.4 1.18921 1
1.4 1.41421 1
1.4 1.68179 1
1.4 2 1
1.4 2.37841 1
1.4 2.82843 1
1.4 3.36359 1
1.4 4 1
1.4 4.75683 1
1.4 5.65685 1
1.4 6.72717 1
1.4 8 1
1.4 9.51366 1
1.4 11.3137 3.4625
1.4 13.4543 8.03936
1.4 16 17.9408
1.4 19.0273 40.3267
1.4 22.6274 91.873
1.4 26.9087 212.392
1.4 32 499.517
1.4 38.0546 1232.47
1.4 45.2548 3565.63
1.4 53.8174 nan
1.4 64 nan
1.4 76.1093 nan
1.4 90.5097 nan
1.4 107.635 nan
1.4 128 nan
1.4 152.219 nan
1.4 181.019 nan
1.4 215.269 nan
1.4 256 nan
1.4 304.437 nan
1.4 362.039 nan
1.4 430.539 nan
1.4 512 nan
1.4 608.874 nan
1.4 724.077 nan
1.4 861.078 nan
1.4 1024 nan
1.4 1217.75 nan
1.4 1448.15 nan
1.4 1722.16 nan
1.4 2048 nan
1.4 2435.5 nan
1.4 2896.31 nan
1.4 3444.31 nan

1.5 1.18921 1
1.5 1.41421 1
1.5 1.68179 1
1.5 2 1
1.5 2.37841 1
1.5 2.82843 1
1.5 3.36359 1
1.5 4 1
1.5 4.75683 1
1.5 5.65685 1
1.5 6.72717 1
1.5 8 1
1.5 9.51366 1
1.5 11.3137 2.92989
1.5 13.4543 6.09861
1.5 16 12.0493
1.5 19.0273 23.5943
1.5 22.6274 46.2884
1.5 26.9087 91.2649
1.5 32 181.067
1.5 38.0546 362.254
1.5 45.2548 735.767
1.5 53.8174 1551.06
1.5 64 3691.28
1.5 76.1093 nan
1.5 90.5097 nan
1.5 107.635 nan
1.5 128 nan
1.5 152.219 nan
1.5 181.019 nan
1.5 215.269 nan
1.5 256 nan
1.5 304.437 nan
1.5 362.039 nan
1.5 430.539 nan
1.5 512 nan
1.5 608.874 nan
1.5 724.077 nan
1.5 861.078 nan
1.5 1024 nan
1.5 1217.75 nan
1.5 1448.15 nan
1.5 1722.16 nan
1.5 2048 nan
1.5 2435.5 nan
1.5 2896.31 nan
1.5 3444.31 nan

1.6 1.18921 1
1.6 1.41421 1
1.6 1.68179 1
1.6 2 1
1.6 2.37841 1
1.6 2.82843 1
1.6 3.36359 1
1.6 4 1
1.6 4.75683 1
1.6 5.65685 1
1.6 6.72717 1
1.6 8 1
1.6 9.51366 1
1.6 11.3137 2.56282
1.6 13.4543 4.9031
1.6 16 8.86083
1.6 19.0273 15.7514
1.6 22.6274 27.8944
1.6 26.9087 49.4286
1.6 32 87.7318
1.6 38.0546 156.1
1.6 45.2548 278.629
1.6 53.8174 499.762
1.6 64 910.406
1.6 76.1093 1714.31
1.6 90.5097 3556.3
1.6 107.635 nan
1.6 128 nan
1.6 152.219 nan
1.6 181.019 nan
1.6 215.269 nan
1.6 256 nan
1.6 304.437 nan
1.6 362.039 nan
1.6 430.539 nan
1.6 512 nan
1.6 608.874 nan
1.6 724.077 nan
1.6 861.078 nan
1.6 1024 nan
1.6 1217.75 nan
1.6 1448.15 nan
1.6 1722.16 nan
1.6 2048 nan
1.6 2435.5 nan
1.6 2896.31 nan
1.6 3444.31 nan

1.7 1.18921 1
1.7 1.41421 1
1.7 1.68179 1
1.7 2 1
1.7 2.37841 1
1.7 2.82843 1
1.7 3.36359 1
1.7 4 1
1.7 4.75683 1
1.7 5.65685 1
1.7 6.72717 1
1.7 8 1
1.7 9.51366 1
1.7 11.3137 2.29581
1.7 13.4543 4.11039
1.7 16 6.9061
1.7 19.0273 11.4515
1.7 22.6274 18.8573
1.7 26.9087 30.9433
1.7 32 50.7478
1.7 38.0546 83.269
1.7 45.2548 136.689
1.7 53.8174 224.868
1.7 64 371.632
1.7 76.1093 617.529
1.7 90.5097 1029.49
1.7 107.635 1784
1.7 128 3346.72
1.7 152.219 nan
1.7 181.019 nan
1.7 215.269 nan
1.7 256 nan
1.7 304.437 nan
1.7 362.039 nan
1.7 430.539 nan
1.7 512 nan
1.7 608.874 nan
1.7 724.077 nan
1.7 861.078 nan
1.7 1024 nan
1.7 1217.75 nan
1.7 1448.15 nan
1.7 1722.16 nan
1.7 2048 nan
1.7 2435.5 nan
1.7 2896.31 nan
1.7 3444.31 nan

1.8 1.18921 1
1.8 1.41421 1
1.8 1.68179 1
1.8 2 1
1.8 2.37841 1
1.8 2.82843 1
1.8 3.36359 1
1.8 4 1
1.8 4.75683 1
1.8 5.65685 1
1.8 6.72717 1
1.8 8 1
1.8 9.51366 1
1.8 11.3137 2.09314
1.8 13.4543 3.50224
1.8 16 5.62042
1.8 19.0273 8.85533
1.8 22.6274 13.7738
1.8 26.9087 21.3478
1.8 32 33.0164
1.8 38.0546 50.9978
1.8 45.2548 78.783
1.8 53.8174 121.65
1.8 64 188.3
1.8 76.1093 291.721
1.8 90.5097 452.848
1.8 107.635 710.334
1.8 128 1118.84
1.8 152.219 1803.54
1.8 181.019 3132.78
1.8 215.269 nan
1.8 256 nan
1.8 304.437 nan
1.8 362.039 nan
1.8 430.539 nan
1.8 512 nan
1.8 608.874 nan
1.8 724.077 nan
1.8 861.078 nan
1.8 1024 nan
1.8 1217.75 nan
1.8 1448.15 nan
1.8 1722.16 nan
1.8 2048 nan
1.8 2435.5 nan
1.8 2896.31 nan
1.8 3444.31 nan

1.9 1.18921 1
1.9 1.41421 1
1.9 1.68179 1
1.9 2 1
1.9 2.37841 1
1.9 2.82843 1
1.9 3.36359 1
1.9 4 1
1.9 4.75683 1
1.9 5.65685 1
1.9 6.72717 1
1.9 8 1
1.9 9.51366 1
1.9 11.3137 1.9016
1.9 13.4543 3.05661
1.9 16 4.73663
1.9 19.0273 7.1364
1.9 22.6274 10.6365
1.9 26.9087 15.785
1.9 32 23.3064
1.9 38.0546 34.3879
1.9 45.2548 50.6638
1.9 53.8174 74.6405
1.9 64 109.917
1.9 76.1093 162.098
1.9 90.5097 238.811
1.9 107.635 353.705
1.9 128 522.439
1.9 152.219 782.319
1.9 181.019 1178.57
1.9 215.269 1798.29
1.9 256 2938.03
1.9 304.437 nan
1.9 362.039 nan
1.9 430.539 nan
1.9 512 nan
1.9 608.874 nan
1.9 724.077 nan
1.9 861.078 nan
1.9 1024 nan
1.9 1217.75 nan
1.9 1448.15 nan
1.9 1722.16 nan
1.9 2048 nan
1.9 2435.5 nan
1.9 2896.31 nan
1.9 3444.31 nan

2 1.18921 1
2 1.41421 1
2 1.68179 1
2 2 1
2 2.37841 1
2 2.82843 1
2 3.36359 1
2 4 1
2 4.75683 1
2 5.65685 1
2 6.72717 1
2 8 1
2 9.51366 1
2 11.3137 1.72317
2 13.4543 2.72417
2 16 4.09933
2 19.0273 5.93658
2 22.6274 8.57439
2 26.9087 12.2503
2 32 17.4784
2 38.0546 24.8405
2 45.2548 35.2824
2 53.8174 50.0408
2 64 70.962
2 76.1093 100.602
2 90.5097 142.665
2 107.635 202.444
2 128 287.611
2 152.219 409.354
2 181.019 584.858
2 215.269 838.744
2 256 1219.61
2 304.437 1782.38
2 362.039 2768.77
2 430.539 nan
2 512 nan
2 608.874 nan
2 724.077 nan
2 861.078 nan
2 1024 nan
2 1217.75 nan
2 1448.15 nan
2 1722.16 nan
2 2048 nan
2 2435.5 nan
2 2896.31 nan
2 3444.31 nan

2.1 1.18921 1
2.1 1.41421 1
2.1 1.68179 1
2.1 2 1
2.1 2.37841 1
2.1 2.82843 1
2.1 3.36359 1
2.1 4 1
2.1 4.75683 1
2.1 5.65685 1
2.1 6.72717 1
2.1 8 1
2.1 9.51366 1
2.1 11.3137 1.58753
2.1 13.4543 2.46764
2.1 16 3.58391
2.1 19.0273 5.07596
2.1 22.6274 7.11374
2.1 26.9087 9.89134
2.1 32 13.694
2.1 38.0546 18.9114
2.1 45.2548 26.0516
2.1 53.8174 35.8637
2.1 64 49.3036
2.1 76.1093 67.7623
2.1 90.5097 93.1292
2.1 107.635 127.846
2.1 128 175.995
2.1 152.219 241.646
2.1 181.019 333.73
2.1 215.269 459.132
2.1 256 638.488
2.1 304.437 884.144
2.1 362.039 1249.58
2.1 430.539 1763.83
2.1 512 2625.51
2.1 608.874 3903.67
2.1 724.077 nan
2.1 861.078 nan
2.1 1024 nan
2.1 1217.75 nan
2.1 1448.15 nan
2.1 1722.16 nan
2.1 2048 nan
2.1 2435.5 nan
2.1 2896.31 nan
2.1 3444.31 nan

2.2 1.18921 1
2.2 1.41421 1
2.2 1.68179 1
2.2 2 1
2.2 2.37841 1
2.2 2.82843 1
2.2 3.36359 1
2.2 4 1
2.2 4.75683 1
2.2 5.65685 1
2.2 6.72717 1
2.2 8 1
2.2 9.51366 1
2.2 11.3137 1.48073
2.2 13.4543 2.26407
2.2 16 3.18515
2.2 19.0273 4.43471
2.2 22.6274 6.04723
2.2 26.9087 8.23692
2.2 32 11.1096
2.2 38.0546 14.9818
2.2 45.2548 20.1343
2.2 53.8174 27.0246
2.2 64 36.2474
2.2 76.1093 48.5554
2.2 90.5097 65.0155
2.2 107.635 87.0846
2.2 128 116.497
2.2 152.219 156.16
2.2 181.019 209.054
2.2 215.269 280.286
2.2 256 376.756
2.2 304.437 504.012
2.2 362.039 685.554
2.2 430.539 922.194
2.2 512 1273.9
2.2 608.874 1747.42
2.2 724.077 2507.48
2.2 861.078 3647.52
2.2 1024 nan
2.2 1217.75 nan
2.2 1448.15 nan
2.2 1722.16 nan
2.2 2048 nan
2.2 2435.5 nan
2.2 2896.31 nan
2.2 3444.31 nan

2.3 1.18921 1
2.3 1.41421 1
2.3 1.68179 1
2.3 2 1
2.3 2.37841 1
2.3 2.82843 1
2.3 3.36359 1
2.3 4 1
2.3 4.75683 1
2.3 5.65685 1
2.3 6.72717 1
2.3 8 1
2.3 9.51366 1
2.3 11.3137 1.39421
2.3 13.4543 2.09871
2.3 16 2.87421
2.3 19.0273 3.93611
2.3 22.6274 5.25191
2.3 26.9087 6.99716
2.3 32 9.27368
2.3 38.0546 12.2332
2.3 45.2548 16.1334
2.3 53.8174 21.1921
2.3 64 27.828
2.3 76.1093 36.5157
2.3 90.5097 47.8581
2.3 107.635 62.6925
2.3 128 82.17
2.3 152.219 107.561
2.3 181.019 140.926
2.3 215.269 184.743
2.3 256 241.634
2.3 304.437 318.077
2.3 362.039 417.207
2.3 430.539 548.589
2.3 512 728.189
2.3 608.874 955.908
2.3 724.077 1296.7
2.3 861.078 1736.41
2.3 1024 2414.48
2.3 1217.75 3452.6
2.3 1448.15 nan
2.3 1722.16 nan
2.3 2048 nan
2.3 2435.5 nan
2.3 2896.31 nan
2.3 3444.31 nan

2.4 1.18921 1
2.4 1.41421 1
2.4 1.68179 1
2.4 2 1
2.4 2.37841 1
2.4 2.82843 1
2.4 3.36359 1
2.4 4 1
2.4 4.75683 1
2.4 5.65685 1
2.4 6.72717 1
2.4 8 1
2.4 9.51366 1
2.4 11.3137 1.32248
2.4 13.4543 1.94917
2.4 16 2.6257
2.4 19.0273 3.51436
2.4 22.6274 4.64066
2.4 26.9087 6.06178
2.4 32 7.91761
2.4 38.0546 10.2538
2.4 45.2548 13.2724
2.4 53.8174 17.1612
2.4 64 22.125
2.4 76.1093 28.5163
2.4 90.5097 36.7276
2.4 107.635 47.2502
2.4 128 60.757
2.4 152.219 78.1711
2.4 181.019 100.459
2.4 215.269 129.011
2.4 256 166.202
2.4 304.437 213.503
2.4 362.039 274.741
2.4 430.539 354.828
2.4 512 455.865
2.4 608.874 591.872
2.4 724.077 768.444
2.4 861.078 987.901
2.4 1024 1321.51
2.4 1217.75 1733.54
2.4 1448.15 2347.94
2.4 1722.16 3311.45
2.4 2048 nan
2.4 2435.5 nan
2.4 2896.31 nan
2.4 3444.31 nan

2.5 1.18921 0.5
2.5 1.41421 0.5
2.5 1.68179 0.5
2.5 2 0.5
2.5 2.37841 0.5
2.5 2.82843 0.5
2.5 3.36359 0.5
2.5 4 0.5
2.5 4.75683 0.5
2.5 5.65685 0.5
2.5 6.72717 0.5
2.5 8 0.5
2.5 9.51366 0.5
2.5 11.3137 1.26186
2.5 13.4543 1.8011
2.5 16 2.42291
2.5 19.0273 3.1797
2.5 22.6274 4.15877
2.5 26.9087 5.34072
2.5 32 6.85805
2.5 38.0546 8.77929
2.5 45.2548 11.1821
2.5 53.8174 14.2406
2.5 64 18.103
2.5 76.1093 22.9682
2.5 90.5097 29.1332
2.5 107.635 36.9275
2.5 128 46.7575
2.5 152.219 59.1738
2.5 181.019 74.9342
2.5 215.269 94.7977
2.5 256 119.805
2.5 304.437 151.839
2.5 362.039 192.122
2.5 430.539 242.596
2.5 512 308.611
2.5 608.874 391.168
2.5 724.077 493.734
2.5 861.078 634.692
2.5 1024 808.403
2.5 1217.75 1020.66
2.5 1448.15 1351.82
2.5 1722.16 1741.67
2.5 2048 2311.72
2.5 2435.5 3222.31
2.5 2896.31 nan
2.5 3444.31 nan

2.6 1.18921 0.5
2.6 1.41421 0.5
2.6 1.68179 0.5
2.6 2 0.5
2.6 2.37841 0.5
2.6 2.82843 0.5
2.6 3.36359 0.5
2.6 4 0.5
2.6 4.75683 0.5
2.6 5.65685 0.5
2.6 6.72717 0.5
2.6 8 0.5
2.6 9.51366 0.5
2.6 11.3137 1.20979
2.6 13.4543 1.68036
2.6 16 2.25443
2.6 19.0273 2.90854
2.6 22.6274 3.75233
2.6 26.9087 4.77131
2.6 32 6.03715
2.6 38.0546 7.63839
2.6 45.2548 9.60822
2.6 53.8174 12.0667
2.6 64 15.1525
2.6 76.1093 18.9818
2.6 90.5097 23.7525
2.6 107.635 29.7149
2.6 128 37.1505
2.6 152.219 46.3998
2.6 181.019 57.9211
2.6 215.269 72.3502
2.6 256 90.3056
2.6 304.437 112.585
2.6 362.039 140.611
2.6 430.539 175.68
2.6 512 218.921
2.6 608.874 273.508
2.6 724.077 343.147
2.6 861.078 427.997
2.6 1024 535.069
2.6 1217.75 678.912
2.6 1448.15 850.348
2.6 1722.16 1067.77
2.6 2048 1391.62
2.6 2435.5 1764.38
2.6 2896.31 2313.23
2.6 3444.31 3189.16

2.7 1.18921 0.5
2.7 1.41421 0.5
2.7 1.68179 0.5
2.7 2 0.5
2.7 2.37841 0.5
2.7 2.82843 0.5
2.7 3.36359 0.5
2.7 4 0.5
2.7 4.75683 0.5
2.7 5.65685 0.5
2.7 6.72717 0.5
2.7 8 0.5
2.7 9.51366 0.5
2.7 11.3137 1.16445
2.7 13.4543 1.58002
2.7 16 2.11225
2.7 19.0273 2.68486
2.7 22.6274 3.41256
2.7 26.9087 4.31218
2.7 32 5.38655
2.7 38.0546 6.72808
2.7 45.2548 8.39146
2.7 53.8174 10.4122
2.7 64 12.9173
2.7 76.1093 16.0233
2.7 90.5097 19.8198
2.7 107.635 24.5058
2.7 128 30.293
2.7 152.219 37.4265
2.7 181.019 46.1948
2.7 215.269 56.986
2.7 256 70.3443
2.7 304.437 86.7969
2.7 362.039 106.952
2.7 430.539 131.821
2.7 512 162.991
2.7 608.874 200.862
2.7 724.077 247.073
2.7 861.078 306.871
2.7 1024 379.272
2.7 1217.75 466.54
2.7 1448.15 582.155
2.7 1722.16 726.818
2.7 2048 896.97
2.7 2435.5 1127.17
2.7 2896.31 1445.95
2.7 3444.31 1806.53

2.8 1.18921 0.5
2.8 1.41421 0.5
2.8 1.68179 0.5
2.8 2 0.5
2.8 2.37841 0.5
2.8 2.82843 0.5
2.8 3.36359 0.5
2.8 4 0.5
2.8 4.75683 0.5
2.8 5.65685 0.5
2.8 6.72717 0.5
2.8 8 0.5
2.8 9.51366 0.5
2.8 11.3137 1.1245
2.8 13.4543 1.49526
2.8 16 1.98824
2.8 19.0273 2.49743
2.8 22.6274 3.13311
2.8 26.9087 3.93049
2.8 32 4.86068
2.8 38.0546 6.00321
2.8 45.2548 7.41388
2.8 53.8174 9.12205
2.8 64 11.1982
2.8 76.1093 13.7449
2.8 90.5097 16.8598
2.8 107.635 20.6383
2.8 128 25.254
2.8 152.219 30.8957
2.8 181.019 37.7831
2.8 215.269 46.161
2.8 256 56.3647
2.8 304.437 68.8696
2.8 362.039 84.1475
2.8 430.539 102.654
2.8 512 125.125
2.8 608.874 153.268
2.8 724.077 187.144
2.8 861.078 227.961
2.8 1024 279.189
2.8 1217.75 342.851
2.8 1448.15 418.297
2.8 1722.16 508.446
2.8 2048 634.946
2.8 2435.5 781.337
2.8 2896.31 951.648
2.8 3444.31 1204.24

2.9 1.18921 0.5
2.9 1.41421 0.5
2.9 1.68179 0.5
2.9 2 0.5
2.9 2.37841 0.5
2.9 2.82843 0.5
2.9 3.36359 0.5
2.9 4 0.5
2.9 4.75683 0.5
2.9 5.65685 0.5
2.9 6.72717 0.5
2.9 8 0.5
2.9 9.51366 0.5
2.9 11.3137 1.08893
2.9 13.4543 1.42266
2.9 16 1.85862
2.9 19.0273 2.3382
2.9 22.6274 2.89972
2.9 26.9087 3.59597
2.9 32 4.42821
2.9 38.0546 5.41523
2.9 45.2548 6.62173
2.9 53.8174 8.0943
2.9 64 9.84628
2.9 76.1093 11.9748
2.9 90.5097 14.5618
2.9 107.635 17.6891
2.9 128 21.4586
2.9 152.219 26.0222
2.9 181.019 31.5503
2.9 215.269 38.2478
2.9 256 46.3199
2.9 304.437 56.0624
2.9 362.039 67.9022
2.9 430.539 82.2801
2.9 512 99.5236
2.9 608.874 120.263
2.9 724.077 145.989
2.9 861.078 176.928
2.9 1024 213.774
2.9 1217.75 258.076
2.9 1448.15 315.721
2.9 1722.16 382.934
2.9 2048 462.053
2.9 2435.5 565.564
2.9 2896.31 696.789
2.9 3444.31 846.325

3.02839 1.18921 0.5
3.02839 1.41421 0.5
3.02839 1.68179 0.5
3.02839 2 0.5
3.02839 2.37841 0.5
3.02839 2.82843 0.5
3.02839 3.36359 0.5
3.02839 4 0.5
3.02839 4.75683 0.5
3.02839 5.65685 0.5
3.02839 6.72717 0.5
3.02839 8 0.5
3.02839 9.51366 0.5
3.02839 11.3137 1.0485
3.02839 13.4543 1.34332
3.02839 16 1.72101
3.02839 19.0273 2.16582
3.02839 22.6274 2.65148
3.02839 26.9087 3.24593
3.02839 32 3.97356
3.02839 38.0546 4.80806
3.02839 45.2548 5.81486
3.02839 53.8174 7.03203
3.02839 64 8.49244
3.02839 76.1093 10.2252
3.02839 90.5097 12.3089
3.02839 107.635 14.8156
3.02839 128 17.8182
3.02839 152.219 21.4067
3.02839 181.019 25.7078
3.02839 215.269 30.867
3.02839 256 37.0772
3.02839 304.437 44.4917
3.02839 362.039 53.3498
3.02839 430.539 63.9474
3.02839 512 76.8828
3.02839 608.874 92.2085
3.02839 724.077 110.435
3.02839 861.078 132.428
3.02839 1024 159.581
3.02839 1217.75 191.415
3.02839 1448.15 228.99
3.02839 1722.16 275.82
3.02839 2048 334.003
3.02839 2435.5 401.057
3.02839 2896.31 479.13
3.02839 3444.31 586.098

3.16247 1.18921 0.5
3.16247 1.41421 0.5
3.16247 1.68179 0.5
3.16247 2 0.5
3.16247 2.37841 0.5
3.16247 2.82843 0.5
3.16247 3.36359 0.5
3.16247 4 0.5
3.16247 4.75683 0.5
3.16247 5.65685 0.5
3.16247 6.72717 0.5
3.16247 8 0.5
3.16247 9.51366 0.5
3.16247 11.3137 1.01136
3.16247 13.4543 1.27339
3.16247 16 1.60327
3.16247 19.0273 2.01539
3.16247 22.6274 2.43893
3.16247 26.9087 2.95132
3.16247 32 3.57126
3.16247 38.0546 4.30359
3.16247 45.2548 5.15428
3.16247 53.8174 6.17252
3.16247 64 7.39151
3.16247 76.1093 8.83522
3.16247 90.5097 10.5434
3.16247 107.635 12.5792
3.16247 128 15.0065
3.16247 152.219 17.8951
3.16247 181.019 21.3229
3.16247 215.269 25.3963
3.16247 256 30.2409
3.16247 304.437 36.0454
3.16247 362.039 42.9308
3.16247 430.539 51.0838
3.16247 512 60.7553
3.16247 608.874 72.4948
3.16247 724.077 86.3933
3.16247 861.078 102.752
3.16247 1024 122.077
3.16247 1217.75 146.172
3.16247 1448.15 174.588
3.16247 1722.16 207.662
3.16247 2048 246.427
3.16247 2435.5 297.559
3.16247 2896.31 357.288
3.16247 3444.31 425.473

3.30249 1.18921 0.25
3.30249 1.41421 0.25
3.30249 1.68179 0.25
3.30249 2 0.25
3.30249 2.37841 0.25
3.30249 2.82843 0.25
3.30249 3.36359 0.25
3.30249 4 0.25
3.30249 4.75683 0.25
3.30249 5.65685 0.25
3.30249 6.72717 0.25
3.30249 8 0.25
3.30249 9.51366 0.25
3.30249 11.3137 0.912582
3.30249 13.4543 1.21119
3.30249 16 1.50147
3.30249 19.0273 1.8613
3.30249 22.6274 2.25506
3.30249 26.9087 2.70066
3.30249 32 3.23418
3.30249 38.0546 3.87302
3.30249 45.2548 4.60607
3.30249 53.8174 5.46888
3.30249 64 6.49275
3.30249 76.1093 7.70796
3.30249 90.5097 9.13527
3.30249 107.635 10.8185
3.30249 128 12.8092
3.30249 152.219 15.1647
3.30249 181.019 17.9578
3.30249 215.269 21.2535
3.30249 256 25.1414
3.30249 304.437 29.7329
3.30249 362.039 35.2172
3.30249 430.539 41.7044
3.30249 512 49.327
3.30249 608.874 58.3053
3.30249 724.077 69.1257
3.30249 861.078 82.0429
3.30249 1024 97.1
3.30249 1217.75 114.739
3.30249 1448.15 136.246
3.30249 1722.16 162.587
3.30249 2048 192.831
3.30249 2435.5 227.858
3.30249 2896.31 271.368
3.30249 3444.31 327.404

3.4487 1.18921 0.5
3.4487 1.41421 0.5
3.4487 1.68179 0.5
3.4487 2 0.5
3.4487 2.37841 0.5
3.4487 2.82843 0.5
3.4487 3.36359 0.5
3.4487 4 0.5
3.4487 4.75683 0.5
3.4487 5.65685 0.5
3.4487 6.72717 0.5
3.4487 8 0.5
3.4487 9.51366 0.5
3.4487 11.3137 0.821813
3.4487 13.4543 1.15541
3.4487 16 1.41259
3.4487 19.0273 1.72698
3.4487 22.6274 2.09442
3.4487 26.9087 2.48517
3.4487 32 2.94865
3.4487 38.0546 3.49847
3.4487 45.2548 4.14488
3.4487 53.8174 4.88497
3.4487 64 5.75639
3.4487 76.1093 6.78275
3.4487 90.5097 7.99181
3.4487 107.635 9.40793
3.4487 128 11.0707
3.4487 152.219 13.0247
3.4487 181.019 15.3219
3.4487 215.269 18.0456
3.4487 256 21.2449
3.4487 304.437 24.9969
3.4487 362.039 29.4027
3.4487 430.539 34.6585
3.4487 512 40.8812
3.4487 608.874 48.1461
3.4487 724.077 56.6538
3.4487 861.078 66.8167
3.4487 1024 79.1662
3.4487 1217.75 93.4361
3.4487 1448.15 110.029
3.4487 1722.16 129.615
3.4487 2048 155.016
3.4487 2435.5 183.85
3.4487 2896.31 216.877
3.4487 3444.31 255.028

3.60139 1.18921 0.5
3.60139 1.41421 0.5
3.60139 1.68179 0.5
3.60139 2 0.5
3.60139 2.37841 0.5
3.60139 2.82843 0.5
3.60139 3.36359 0.5
3.60139 4 0.5
3.60139 4.75683 0.5
3.60139 5.65685 0.5
3.60139 6.72717 0.5
3.60139 8 0.5
3.60139 9.51366 0.5
3.60139 11.3137 0.759016
3.60139 13.4543 1.105
3.60139 16 1.33427
3.60139 19.0273 1.61108
3.60139 22.6274 1.9453
3.60139 26.9087 2.29801
3.60139 32 2.70424
3.60139 38.0546 3.18215
3.60139 45.2548 3.74444
3.60139 53.8174 4.39371
3.60139 64 5.14486
3.60139 76.1093 6.02364
3.60139 90.5097 7.05205
3.60139 107.635 8.25715
3.60139 128 9.67109
3.60139 152.219 11.3226
3.60139 181.019 13.2532
3.60139 215.269 15.5114
3.60139 256 18.2001
3.60139 304.437 21.3458
3.60139 362.039 25.0181
3.60139 430.539 29.3116
3.60139 512 34.4428
3.60139 608.874 40.5388
3.60139 724.077 47.6186
3.60139 861.078 55.8724
3.60139 1024 65.6636
3.60139 1217.75 77.8333
3.60139 1448.15 91.7931
3.60139 1722.16 107.921
3.60139 2048 126.666
3.60139 2435.5 151.817
3.60139 2896.31 180.452
3.60139 3444.31 212.977

3.76083 1.18921 0.5
3.76083 1.41421 0.5
3.76083 1.68179 0.5
3.76083 2 0.5
3.76083 2.37841 0.5
3.76083 2.82843 0.5
3.76083 3.36359 0.5
3.76083 4 0.5
3.76083 4.75683 0.5
3.76083 5.65685 0.5
3.76083 6.72717 0.5
3.76083 8 0.5
3.76083 9.51366 0.5
3.76083 11.3137 0.713471
3.76083 13.4543 1.05909
3.76083 16 1.26469
3.76083 19.0273 1.51015
3.76083 22.6274 1.80322
3.76083 26.9087 2.13377
3.76083 32 2.49286
3.76083 38.0546 2.91219
3.76083 45.2548 3.40194
3.76083 53.8174 3.974
3.76083 64 4.62992
3.76083 76.1093 5.39234
3.76083 90.5097 6.27957
3.76083 107.635 7.31233
3.76083 128 8.52347
3.76083 152.219 9.94524
3.76083 181.019 11.5992
3.76083 215.269 13.5251
3.76083 256 15.769
3.76083 304.437 18.4674
3.76083 362.039 21.6088
3.76083 430.539 25.2642
3.76083 512 29.5253
3.76083 608.874 34.6579
3.76083 724.077 40.7699
3.76083 861.078 47.8396
3.76083 1024 56.055
3.76083 1217.75 65.8339
3.76083 1448.15 78.1867
3.76083 1722.16 92.287
3.76083 2048 108.498
3.76083 2435.5 127.259
3.76083 2896.31 153.231
3.76083 3444.31 182.677

3.92734 1.18921 0.5
3.92734 1.41421 0.5
3.92734 1.68179 0.5
3.92734 2 0.5
3.92734 2.37841 0.5
3.92734 2.82843 0.5
3.92734 3.36359 0.5
3.92734 4 0.5
3.92734 4.75683 0.5
3.92734 5.65685 0.5
3.92734 6.72717 0.5
3.92734 8 0.5
3.92734 9.51366 0.5
3.92734 11.3137 0.679231
3.92734 13.4543 1.01699
3.92734 16 1.20236
3.92734 19.0273 1.42146
3.92734 22.6274 1.68047
3.92734 26.9087 1.98664
3.92734 32 2.3081
3.92734 38.0546 2.67938
3.92734 45.2548 3.11022
3.92734 53.8174 3.61025
3.92734 64 4.18994
3.92734 76.1093 4.85997
3.92734 90.5097 5.63597
3.92734 107.635 6.53514
3.92734 128 7.57735
3.92734 152.219 8.81018
3.92734 181.019 10.2538
3.92734 215.269 11.9285
3.92734 256 13.8734
3.92734 304.437 16.1406
3.92734 362.039 18.8994
3.92734 430.539 22.0928
3.92734 512 25.8011
3.92734 608.874 30.1168
3.92734 724.077 35.411
3.92734 861.078 41.6869
3.92734 1024 48.9269
3.92734 1217.75 57.3223
3.92734 1448.15 67.5598
3.92734 1722.16 80.4334
3.92734 2048 95.1038
3.92734 2435.5 111.924
3.92734 2896.31 132.132
3.92734 3444.31 159.612

4.10122 1.18921 0.25
4.10122 1.41421 0.25
4.10122 1.68179 0.25
4.10122 2 0.25
4.10122 2.37841 0.25
4.10122 2.82843 0.25
4.10122 3.36359 0.25
4.10122 4 0.25
4.10122 4.75683 0.25
4.10122 5.65685 0.25
4.10122 6.72717 0.25
4.10122 8 0.25
4.10122 9.51366 0.25
4.10122 11.3137 0.652758
4.10122 13.4543 0.949054
4.10122 16 1.14609
4.10122 19.0273 1.34289
4.10122 22.6274 1.57345
4.10122 26.9087 1.84358
4.10122 32 2.14483
4.10122 38.0546 2.47646
4.10122 45.2548 2.85915
4.10122 53.8174 3.30083
4.10122 64 3.81067
4.10122 76.1093 4.40437
4.10122 90.5097 5.0922
4.10122 107.635 5.88626
4.10122 128 6.80342
4.10122 152.219 7.8631
4.10122 181.019 9.13996
4.10122 215.269 10.6238
4.10122 256 12.3423
4.10122 304.437 14.335
4.10122 362.039 16.6937
4.10122 430.539 19.5557
4.10122 512 22.8644
4.10122 608.874 26.7032
4.10122 724.077 31.1685
4.10122 861.078 36.8277
4.10122 1024 43.422
4.10122 1217.75 51.0202
4.10122 1448.15 59.8216
4.10122 1722.16 71.0936
4.10122 2048 84.8043
4.10122 2435.5 100.456
4.10122 2896.31 118.401
4.10122 3444.31 141.771

4.2828 1.18921 0.5
4.2828 1.41421 0.5
4.2828 1.68179 0.5
4.2828 2 0.5
4.2828 2.37841 0.5
4.2828 2.82843 0.5
4.2828 3.36359 0.5
4.2828 4 0.5
4.2828 4.75683 0.5
4.2828 5.65685 0.5
4.2828 6.72717 0.5
4.2828 8 0.5
4.2828 9.51366 0.5
4.2828 11.3137 0.631823
4.2828 13.4543 0.877527
4.2828 16 1.0949
4.2828 19.0273 1.27272
4.2828 22.6274 1.47938
4.2828 26.9087 1.71957
4.2828 32 1.99874
4.2828 38.0546 2.29761
4.2828 45.2548 2.64072
4.2828 53.8174 3.03487
4.2828 64 3.48773
4.2828 76.1093 4.00837
4.2828 90.5097 4.62601
4.2828 107.635 5.33692
4.2828 128 6.15585
4.2828 152.219 7.09974
4.2828 181.019 8.20057
4.2828 215.269 9.53933
4.2828 256 11.086
4.2828 304.437 12.8763
4.2828 362.039 14.9517
4.2828 430.539 17.4803
4.2828 512 20.504
4.2828 608.874 23.9989
4.2828 724.077 28.0542
4.2828 861.078 32.8769
4.2828 1024 39.0439
4.2828 1217.75 46.1188
4.2828 1448.15 54.2737
4.2828 1722.16 63.7195
4.2828 2048 76.6384
4.2828 2435.5 91.4903
4.2828 2896.31 108.517
4.2828 3444.31 128.112

4.47241 1.18921 0.5
4.47241 1.41421 0.5
4.47241 1.68179 0.5
4.47241 2 0.5
4.47241 2.37841 0.5
4.47241 2.82843 0.5
4.47241 3.36359 0.5
4.47241 4 0.5
4.47241 4.75683 0.5
4.47241 5.65685 0.5
4.47241 6.72717 0.5
4.47241 8 0.5
4.47241 9.51366 0.538727
4.47241 11.3137 0.67897
4.47241 13.4543 0.855709
4.47241 16 1.04794
4.47241 19.0273 1.20954
4.47241 22.6274 1.396
4.47241 26.9087 1.61117
4.47241 32 1.8595
4.47241 38.0546 2.13805
4.47241 45.2548 2.44852
4.47241 53.8174 2.80378
4.47241 64 3.21039
4.47241 76.1093 3.67588
4.47241 90.5097 4.22021
4.47241 107.635 4.8651
4.47241 128 5.60653
4.47241 152.219 6.45969
4.47241 181.019 7.44197
4.47241 215.269 8.6227
4.47241 256 10.039
4.47241 304.437 11.6757
4.47241 362.039 13.5714
4.47241 430.539 15.7703
4.47241 512 18.5679
4.47241 608.874 21.8191
4.47241 724.077 25.5799
4.47241 861.078 29.9475
4.47241 1024 35.4772
4.47241 1217.75 42.1907
4.47241 1448.15 49.9167
4.47241 1722.16 58.8391
4.47241 2048 70.1442
4.47241 2435.5 84.295
4.47241 2896.31 100.591
4.47241 3444.31 119.373

4.67042 1.18921 0.5
4.67042 1.41421 0.5
4.67042 1.68179 0.5
4.67042 2 0.5
4.67042 2.37841 0.5
4.67042 2.82843 0.5
4.67042 3.36359 0.5
4.67042 4 0.5
4.67042 4.75683 0.5
4.67042 5.65685 0.5
4.67042 6.72717 0.5
4.67042 8 0.5
4.67042 9.51366 0.531867
4.67042 11.3137 0.657986
4.67042 13.4543 0.813999
4.67042 16 1.00451
4.67042 19.0273 1.15218
4.67042 22.6274 1.3215
4.67042 26.9087 1.51565
4.67042 32 1.73831
4.67042 38.0546 1.99367
4.67042 45.2548 2.27732
4.67042 53.8174 2.60065
4.67042 64 2.9696
4.67042 76.1093 3.39074
4.67042 90.5097 3.87152
4.67042 107.635 4.45399
4.67042 128 5.13406
4.67042 152.219 5.91583
4.67042 181.019 6.81534
4.67042 215.269 7.85092
4.67042 256 9.15347
4.67042 304.437 10.6739
4.67042 362.039 12.4332
4.67042 430.539 14.4735
4.67042 512 16.9493
4.67042 608.874 20.0277
4.67042 724.077 23.5804
4.67042 861.078 27.6965
4.67042 1024 32.559
4.67042 1217.75 38.9743
4.67042 1448.15 46.3774
4.67042 1722.16 54.9335
4.67042 2048 64.9932
4.67042 2435.5 78.4736
4.67042 2896.31 94.0673
4.67042 3444.31 112.115

4.8772 1.18921 0.5
4.8772 1.41421 0.5
4.8772 1.68179 0.5
4.8772 2 0.5
4.8772 2.37841 0.5
4.8772 2.82843 0.5
4.8772 3.36359 0.5
4.8772 4 0.5
4.8772 4.75683 0.5
4.8772 5.65685 0.5
4.8772 6.72717 0.5
4.8772 8 0.5
4.8772 9.51366 0.524886
4.8772 11.3137 0.638932
4.8772 13.4543 0.777745
4.8772 16 0.946707
4.8772 19.0273 1.09966
4.8772 22.6274 1.25437
4.8772 26.9087 1.4308
4.8772 32 1.632
4.8772 38.0546 1.86148
4.8772 45.2548 2.12283
4.8772 53.8174 2.41989
4.8772 64 2.75809
4.8772 76.1093 3.14331
4.8772 90.5097 3.58219
4.8772 107.635 4.09081
4.8772 128 4.72225
4.8772 152.219 5.44766
4.8772 181.019 6.28223
4.8772 215.269 7.24331
4.8772 256 8.39398
4.8772 304.437 9.8273
4.8772 362.039 11.4834
4.8772 430.539 13.4032
4.8772 512 15.6339
4.8772 608.874 18.5292
4.8772 724.077 21.9303
4.8772 861.078 25.8673
4.8772 1024 30.439
4.8772 1217.75 36.3304
4.8772 1448.15 43.4385
4.8772 1722.16 51.6832
4.8772 2048 61.2567
4.8772 2435.5 73.6918
4.8772 2896.31 88.6118
4.8772 3444.31 105.927

5.09313 1.18921 0.5
5.09313 1.41421 0.5
5.09313 1.68179 0.5
5.09313 2 0.5
5.09313 2.37841 0.5
5.09313 2.82843 0.5
5.09313 3.36359 0.5
5.09313 4 0.5
5.09313 4.75683 0.5
5.09313 5.65685 0.5
5.09313 6.72717 0.5
5.09313 8 0.5
5.09313 9.51366 0.51783
5.09313 11.3137 0.621482
5.09313 13.4543 0.745868
5.09313 16 0.895142
5.09313 19.0273 1.05114
5.09313 22.6274 1.19337
5.09313 26.9087 1.35479
5.09313 32 1.538
5.09313 38.0546 1.74595
5.09313 45.2548 1.98202
5.09313 53.8174 2.25695
5.09313 64 2.57001
5.09313 76.1093 2.92608
5.09313 90.5097 3.33125
5.09313 107.635 3.7924
5.09313 128 4.35901
5.09313 152.219 5.03988
5.09313 181.019 5.8233
5.09313 215.269 6.72607
5.09313 256 7.76744
5.09313 304.437 9.10291
5.09313 362.039 10.6817
5.09313 430.539 12.5103
5.09313 512 14.6346
5.09313 608.874 17.2655
5.09313 724.077 20.5421
5.09313 861.078 24.341
5.09313 1024 28.7542
5.09313 1217.75 34.1578
5.09313 1448.15 40.9774
5.09313 1722.16 48.916
5.09313 2048 58.1649
5.09313 2435.5 69.6478
5.09313 2896.31 83.9496
5.09313 3444.31 100.565

5.31862 1.18921 0.5
5.31862 1.41421 0.5
5.31862 1.68179 0.5
5.31862 2 0.5
5.31862 2.37841 0.5
5.31862 2.82843 0.5
5.31862 3.36359 0.5
5.31862 4 0.5
5.31862 4.75683 0.5
5.31862 5.65685 0.5
5.31862 6.72717 0.5
5.31862 8 0.5
5.31862 9.51366 0.51072
5.31862 11.3137 0.605372
5.31862 13.4543 0.717552
5.31862 16 0.850511
5.31862 19.0273 1.00585
5.31862 22.6274 1.13743
5.31862 26.9087 1.28612
5.31862 32 1.4542
5.31862 38.0546 1.6442
5.31862 45.2548 1.85901
5.31862 53.8174 2.10817
5.31862 64 2.40065
5.31862 76.1093 2.73306
5.31862 90.5097 3.1111
5.31862 107.635 3.5412
5.31862 128 4.03538
5.31862 152.219 4.68114
5.31862 181.019 5.42421
5.31862 215.269 6.28111
5.31862 256 7.27083
5.31862 304.437 8.47697
5.31862 362.039 9.99655
5.31862 430.539 11.7562
5.31862 512 13.7999
5.31862 608.874 16.2051
5.31862 724.077 19.3636
5.31862 861.078 23.0383
5.31862 1024 27.3177
5.31862 1217.75 32.3464
5.31862 1448.15 38.8932
5.31862 1722.16 46.5304
5.31862 2048 55.4494
5.31862 2435.5 66.1248
5.31862 2896.31 79.8696
5.31862 3444.31 95.8406

5.5541 1.18921 0.5
5.5541 1.41421 0.5
5.5541 1.68179 0.5
5.5541 2 0.5
5.5541 2.37841 0.5
5.5541 2.82843 0.5
5.5541 3.36359 0.5
5.5541 4 0.5
5.5541 4.75683 0.5
5.5541 5.65685 0.5
5.5541 6.72717 0.5
5.5541 8 0.5
5.5541 9.51366 0.50359
5.5541 11.3137 0.590405
5.5541 13.4543 0.692172
5.5541 16 0.811471
5.5541 19.0273 0.951327
5.5541 22.6274 1.08558
5.5541 26.9087 1.22348
5.5541 32 1.37881
5.5541 38.0546 1.55382
5.5541 45.2548 1.75102
5.5541 53.8174 1.97324
5.5541 64 2.24626
5.5541 76.1093 2.55943
5.5541 90.5097 2.91561
5.5541 107.635 3.32098
5.5541 128 3.7825
5.5541 152.219 4.36301
5.5541 181.019 5.07429
5.5541 215.269 5.89501
5.5541 256 6.84402
5.5541 304.437 7.9431
5.5541 362.039 9.40466
5.5541 430.539 11.1097
5.5541 512 13.0911
5.5541 608.874 15.3992
5.5541 724.077 18.3631
5.5541 861.078 21.9142
5.5541 1024 26.0627
5.5541 1217.75 30.9132
5.5541 1448.15 37.0905
5.5541 1722.16 44.4433
5.5541 2048 53.0392
5.5541 2435.5 63.103
5.5541 2896.31 76.2312
5.5541 3444.31 91.6173

5.8 1.18921 0.5
5.8 1.41421 0.5
5.8 1.68179 0.5
5.8 2 0.5
5.8 2.37841 0.5
5.8 2.82843 0.5
5.8 3.36359 0.5
5.8 4 0.5
5.8 4.75683 0.5
5.8 5.65685 0.5
5.8 6.72717 0.5
5.8 8 0.5
5.8 9.51366 0.5
5.8 11.3137 0.576406
5.8 13.4543 0.669226
5.8 16 0.776982
5.8 19.0273 0.902083
5.8 22.6274 1.03694
5.8 26.9087 1.16567
5.8 32 1.31027
5.8 38.0546 1.47275
5.8 45.2548 1.65533
5.8 53.8174 1.86052
5.8 64 2.10378
5.8 76.1093 2.40124
5.8 90.5097 2.73972
5.8 107.635 3.12526
5.8 128 3.56468
5.8 152.219 4.07846
5.8 181.019 4.7647
5.8 215.269 5.55684
5.8 256 6.47351
5.8 304.437 7.53645
5.8 362.039 8.88949
5.8 430.539 10.5461
5.8 512 12.4754
5.8 608.874 14.726
5.8 724.077 17.5103
5.8 861.078 20.9383
5.8 1024 24.9531
5.8 1217.75 29.6595
5.8 1448.15 35.4946
5.8 1722.16 42.5857
5.8 2048 50.8774
5.8 2435.5 60.589
5.8 2896.31 72.9442
5.8 3444.31 87.7989

6.05679 1.18921 0.5
6.05679 1.41421 0.5
6.05679 1.68179 0.5
6.05679 2 0.5
6.05679 2.37841 0.5
6.05679 2.82843 0.5
6.05679 3.36359 0.5
6.05679 4 0.5
6.05679 4.75683 0.5
6.05679 5.65685 0.5
6.05679 6.72717 0.5
6.05679 8 0.5
6.05679 9.51366 0.5
6.05679 11.3137 0.563193
6.05679 13.4543 0.648273
6.05679 16 0.746194
6.05679 19.0273 0.858899
6.05679 22.6274 0.988623
6.05679 26.9087 1.1116
6.05679 32 1.24713
6.05679 38.0546 1.39909
6.05679 45.2548 1.5695
6.05679 53.8174 1.76064
6.05679 64 1.97505
6.05679 76.1093 2.25523
6.05679 90.5097 2.57924
6.05679 107.635 2.94871
6.05679 128 3.37043
6.05679 152.219 3.85209
6.05679 181.019 4.48767
6.05679 215.269 5.25718
6.05679 256 6.1483
6.05679 304.437 7.18265
6.05679 362.039 8.44223
6.05679 430.539 10.0514
6.05679 512 11.9314
6.05679 608.874 14.1296
6.05679 724.077 16.7717
6.05679 861.078 20.0823
6.05679 1024 23.9646
6.05679 1217.75 28.5233
6.05679 1448.15 34.0562
6.05679 1722.16 40.9078
6.05679 2048 48.9186
6.05679 2435.5 58.3003
6.05679 2896.31 69.9479
6.05679 3444.31 84.3178

