# T0 = 30
# mxlib uncomp [dev]: 15c346a9a22d5b28a2224372f9d9f720bd775978
# mxlib comp [dev]: 38139e97f9e4c035fd45e2571fd22f6c821a6b80
# pointingEnv [main]: dbe98ccca0a517a97e5f48e28d1e0b1e2e597f0d
1 1.18921 2
1 1.41421 2
1 1.68179 2
1 2 2
1 2.37841 2
1 2.82843 2
1 3.36359 2
1 4 2
1 4.75683 2
1 5.65685 2
1 6.72717 2
1 8 2
1 9.51366 2
1 11.3137 11.7906
1 13.4543 130.697
1 16 nan
1 19.0273 nan
1 22.6274 nan
1 26.9087 nan
1 32 nan
1 38.0546 nan
1 45.2548 nan
1 53.8174 nan
1 64 nan
1 76.1093 nan
1 90.5097 nan
1 107.635 nan
1 128 nan
1 152.219 nan
1 181.019 nan
1 215.269 nan
1 256 nan
1 304.437 nan
1 362.039 nan
1 430.539 nan
1 512 nan
1 608.874 nan
1 724.077 nan
1 861.078 nan
1 1024 nan
1 1217.75 nan
1 1448.15 nan
1 1722.16 nan
1 2048 nan
1 2435.5 nan
1 2896.31 nan
1 3444.31 nan

1.1 1.18921 2
1.1 1.41421 2
1.1 1.68179 2
1.1 2 2
1.1 2.37841 2
1.1 2.82843 2
1.1 3.36359 2
1.1 4 2
1.1 4.75683 2
1.1 5.65685 2
1.1 6.72717 2
1.1 8 2
1.1 9.51366 2
1.1 11.3137 7.47494
1.1 13.4543 38.0142
1.1 16 246.873
1.1 19.0273 2231.7
1.1 22.6274 nan
1.1 26.9087 nan
1.1 32 nan
1.1 38.0546 nan
1.1 45.2548 nan
1.1 53.8174 nan
1.1 64 nan
1.1 76.1093 nan
1.1 90.5097 nan
1.1 107.635 nan
1.1 128 nan
1.1 152.219 nan
1.1 181.019 nan
1.1 215.269 nan
1.1 256 nan
1.1 304.437 nan
1.1 362.039 nan
1.1 430.539 nan
1.1 512 nan
1.1 608.874 nan
1.1 724.077 nan
1.1 861.078 nan
1.1 1024 nan
1.1 1217.75 nan
1.1 1448.15 nan
1.1 1722.16 nan
1.1 2048 nan
1.1 2435.5 nan
1.1 2896.31 nan
1.1 3444.31 nan

1.2 1.18921 2
1.2 1.41421 2
1.2 1.68179 2
1.2 2 2
1.2 2.37841 2
1.2 2.82843 2
1.2 3.36359 2
1.2 4 2
1.2 4.75683 2
1.2 5.65685 2
1.2 6.72717 2
1.2 8 2
1.2 9.51366 2
1.2 11.3137 5.40675
1.2 13.4543 18.5302
1.2 16 67.4482
1.2 19.0273 270.947
1.2 22.6274 1199.17
1.2 26.9087 nan
1.2 32 nan
1.2 38.0546 nan
1.2 45.2548 nan
1.2 53.8174 nan
1.2 64 nan
1.2 76.1093 nan
1.2 90.5097 nan
1.2 107.635 nan
1.2 128 nan
1.2 152.219 nan
1.2 181.019 nan
1.2 215.269 nan
1.2 256 nan
1.2 304.437 nan
1.2 362.039 nan
1.2 430.539 nan
1.2 512 nan
1.2 608.874 nan
1.2 724.077 nan
1.2 861.078 nan
1.2 1024 nan
1.2 1217.75 nan
1.2 1448.15 nan
1.2 1722.16 nan
1.2 2048 nan
1.2 2435.5 nan
1.2 2896.31 nan
1.2 3444.31 nan

1.3 1.18921 1
1.3 1.41421 1
1.3 1.68179 1
1.3 2 1
1.3 2.37841 1
1.3 2.82843 1
1.3 3.36359 1
1.3 4 1
1.3 4.75683 1
1.3 5.65685 1
1.3 6.72717 1
1.3 8 1
1.3 9.51366 1
1.3 11.3137 4.24851
1.3 13.4543 11.4328
1.3 16 30.7087
1.3 19.0273 85.4377
1.3 22.6274 245.291
1.3 26.9087 728.217
1.3 32 2244.04
1.3 38.0546 nan
1.3 45.2548 nan
1.3 53.8174 nan
1.3 64 nan
1.3 76.1093 nan
1.3 90.5097 nan
1.3 107.635 nan
1.3 128 nan
1.3 152.219 nan
1.3 181.019 nan
1.3 215.269 nan
1.3 256 nan
1.3 304.437 nan
1.3 362.039 nan
1.3 430.539 nan
1.3 512 nan
1.3 608.874 nan
1.3 724.077 nan
1.3 861.078 nan
1.3 1024 nan
1.3 1217.75 nan
1.3 1448.15 nan
1.3 1722.16 nan
1.3 2048 nan
1.3 2435.5 nan
1.3 2896.31 nan
1.3 3444.31 nan

1.4 1.18921 1
1.4 1.41421 1
1.4 1.68179 1
1.4 2 1
1.4 2.37841 1
1.4 2.82843 1
1.4 3.36359 1
1.4 4 1
1.4 4.75683 1
1.4 5.65685 1
1.4 6.72717 1
1.4 8 1
1.4 9.51366 1
1.4 11.3137 3.46212
1.4 13.4543 8.03737
1.4 16 17.9293
1.4 19.0273 40.2647
1.4 22.6274 91.541
1.4 26.9087 210.603
1.4 32 489.607
1.4 38.0546 1153.43
1.4 45.2548 2791.16
1.4 53.8174 nan
1.4 64 nan
1.4 76.1093 nan
1.4 90.5097 nan
1.4 107.635 nan
1.4 128 nan
1.4 152.219 nan
1.4 181.019 nan
1.4 215.269 nan
1.4 256 nan
1.4 304.437 nan
1.4 362.039 nan
1.4 430.539 nan
1.4 512 nan
1.4 608.874 nan
1.4 724.077 nan
1.4 861.078 nan
1.4 1024 nan
1.4 1217.75 nan
1.4 1448.15 nan
1.4 1722.16 nan
1.4 2048 nan
1.4 2435.5 nan
1.4 2896.31 nan
1.4 3444.31 nan

1.5 1.18921 1
1.5 1.41421 1
1.5 1.68179 1
1.5 2 1
1.5 2.37841 1
1.5 2.82843 1
1.5 3.36359 1
1.5 4 1
1.5 4.75683 1
1.5 5.65685 1
1.5 6.72717 1
1.5 8 1
1.5 9.51366 1
1.5 11.3137 2.92962
1.5 13.4543 6.09737
1.5 16 12.0443
1.5 19.0273 23.5744
1.5 22.6274 46.21
1.5 26.9087 90.9521
1.5 32 179.793
1.5 38.0546 356.878
1.5 45.2548 711.59
1.5 53.8174 1429.32
1.5 64 2924.5
1.5 76.1093 nan
1.5 90.5097 nan
1.5 107.635 nan
1.5 128 nan
1.5 152.219 nan
1.5 181.019 nan
1.5 215.269 nan
1.5 256 nan
1.5 304.437 nan
1.5 362.039 nan
1.5 430.539 nan
1.5 512 nan
1.5 608.874 nan
1.5 724.077 nan
1.5 861.078 nan
1.5 1024 nan
1.5 1217.75 nan
1.5 1448.15 nan
1.5 1722.16 nan
1.5 2048 nan
1.5 2435.5 nan
1.5 2896.31 nan
1.5 3444.31 nan

1.6 1.18921 1
1.6 1.41421 1
1.6 1.68179 1
1.6 2 1
1.6 2.37841 1
1.6 2.82843 1
1.6 3.36359 1
1.6 4 1
1.6 4.75683 1
1.6 5.65685 1
1.6 6.72717 1
1.6 8 1
1.6 9.51366 1
1.6 11.3137 2.56262
1.6 13.4543 4.90233
1.6 16 8.85832
1.6 19.0273 15.7438
1.6 22.6274 27.8688
1.6 26.9087 49.3426
1.6 32 87.4491
1.6 38.0546 155.191
1.6 45.2548 275.792
1.6 53.8174 490.92
1.6 64 876.568
1.6 76.1093 1574.04
1.6 90.5097 2866.64
1.6 107.635 nan
1.6 128 nan
1.6 152.219 nan
1.6 181.019 nan
1.6 215.269 nan
1.6 256 nan
1.6 304.437 nan
1.6 362.039 nan
1.6 430.539 nan
1.6 512 nan
1.6 608.874 nan
1.6 724.077 nan
1.6 861.078 nan
1.6 1024 nan
1.6 1217.75 nan
1.6 1448.15 nan
1.6 1722.16 nan
1.6 2048 nan
1.6 2435.5 nan
1.6 2896.31 nan
1.6 3444.31 nan

1.7 1.18921 1
1.7 1.41421 1
1.7 1.68179 1
1.7 2 1
1.7 2.37841 1
1.7 2.82843 1
1.7 3.36359 1
1.7 4 1
1.7 4.75683 1
1.7 5.65685 1
1.7 6.72717 1
1.7 8 1
1.7 9.51366 1
1.7 11.3137 2.29566
1.7 13.4543 4.10994
1.7 16 6.9046
1.7 19.0273 11.447
1.7 22.6274 18.8451
1.7 26.9087 30.914
1.7 32 50.6589
1.7 38.0546 83.0164
1.7 45.2548 136.056
1.7 53.8174 223.117
1.7 64 366.228
1.7 76.1093 601.709
1.7 90.5097 989.342
1.7 107.635 1637.37
1.7 128 2739.73
1.7 152.219 nan
1.7 181.019 nan
1.7 215.269 nan
1.7 256 nan
1.7 304.437 nan
1.7 362.039 nan
1.7 430.539 nan
1.7 512 nan
1.7 608.874 nan
1.7 724.077 nan
1.7 861.078 nan
1.7 1024 nan
1.7 1217.75 nan
1.7 1448.15 nan
1.7 1722.16 nan
1.7 2048 nan
1.7 2435.5 nan
1.7 2896.31 nan
1.7 3444.31 nan

1.8 1.18921 1
1.8 1.41421 1
1.8 1.68179 1
1.8 2 1
1.8 2.37841 1
1.8 2.82843 1
1.8 3.36359 1
1.8 4 1
1.8 4.75683 1
1.8 5.65685 1
1.8 6.72717 1
1.8 8 1
1.8 9.51366 1
1.8 11.3137 2.09304
1.8 13.4543 3.50187
1.8 16 5.61936
1.8 19.0273 8.85282
1.8 22.6274 13.7677
1.8 26.9087 21.3317
1.8 32 32.9825
1.8 38.0546 50.908
1.8 45.2548 78.5575
1.8 53.8174 121.181
1.8 64 186.98
1.8 76.1093 288.538
1.8 90.5097 445.416
1.8 107.635 688.731
1.8 128 1064.94
1.8 152.219 1655.58
1.8 181.019 2597.59
1.8 215.269 4070.58
1.8 256 nan
1.8 304.437 nan
1.8 362.039 nan
1.8 430.539 nan
1.8 512 nan
1.8 608.874 nan
1.8 724.077 nan
1.8 861.078 nan
1.8 1024 nan
1.8 1217.75 nan
1.8 1448.15 nan
1.8 1722.16 nan
1.8 2048 nan
1.8 2435.5 nan
1.8 2896.31 nan
1.8 3444.31 nan

1.9 1.18921 1
1.9 1.41421 1
1.9 1.68179 1
1.9 2 1
1.9 2.37841 1
1.9 2.82843 1
1.9 3.36359 1
1.9 4 1
1.9 4.75683 1
1.9 5.65685 1
1.9 6.72717 1
1.9 8 1
1.9 9.51366 1
1.9 11.3137 1.90149
1.9 13.4543 3.05632
1.9 16 4.7359
1.9 19.0273 7.13482
1.9 22.6274 10.6325
1.9 26.9087 15.7777
1.9 32 23.287
1.9 38.0546 34.3488
1.9 45.2548 50.5739
1.9 53.8174 74.4392
1.9 64 109.505
1.9 76.1093 161.093
1.9 90.5097 236.915
1.9 107.635 348.68
1.9 128 512.839
1.9 152.219 756.204
1.9 181.019 1115.24
1.9 215.269 1650.53
1.9 256 2461.7
1.9 304.437 3677.68
1.9 362.039 nan
1.9 430.539 nan
1.9 512 nan
1.9 608.874 nan
1.9 724.077 nan
1.9 861.078 nan
1.9 1024 nan
1.9 1217.75 nan
1.9 1448.15 nan
1.9 1722.16 nan
1.9 2048 nan
1.9 2435.5 nan
1.9 2896.31 nan
1.9 3444.31 nan

2 1.18921 1
2 1.41421 1
2 1.68179 1
2 2 1
2 2.37841 1
2 2.82843 1
2 3.36359 1
2 4 1
2 4.75683 1
2 5.65685 1
2 6.72717 1
2 8 1
2 9.51366 1
2 11.3137 1.72308
2 13.4543 2.72393
2 16 4.09887
2 19.0273 5.93537
2 22.6274 8.57205
2 26.9087 12.245
2 32 17.4681
2 38.0546 24.8186
2 45.2548 35.2391
2 53.8174 49.9506
2 64 70.7827
2 76.1093 100.232
2 90.5097 141.919
2 107.635 200.904
2 128 284.432
2 152.219 402.765
2 181.019 570.587
2 215.269 808.972
2 256 1148.74
2 304.437 1634.71
2 362.039 2339.69
2 430.539 3366.8
2 512 nan
2 608.874 nan
2 724.077 nan
2 861.078 nan
2 1024 nan
2 1217.75 nan
2 1448.15 nan
2 1722.16 nan
2 2048 nan
2 2435.5 nan
2 2896.31 nan
2 3444.31 nan

2.1 1.18921 1
2.1 1.41421 1
2.1 1.68179 1
2.1 2 1
2.1 2.37841 1
2.1 2.82843 1
2.1 3.36359 1
2.1 4 1
2.1 4.75683 1
2.1 5.65685 1
2.1 6.72717 1
2.1 8 1
2.1 9.51366 1
2.1 11.3137 1.58745
2.1 13.4543 2.46744
2.1 16 3.58352
2.1 19.0273 5.07505
2.1 22.6274 7.11213
2.1 26.9087 9.88771
2.1 32 13.6877
2.1 38.0546 18.8981
2.1 45.2548 26.0274
2.1 53.8174 35.8167
2.1 64 49.2126
2.1 76.1093 67.6038
2.1 90.5097 92.7897
2.1 107.635 127.335
2.1 128 174.729
2.1 152.219 239.661
2.1 181.019 328.959
2.1 215.269 451.228
2.1 256 619.939
2.1 304.437 851.217
2.1 362.039 1171.97
2.1 430.539 1615.28
2.1 512 2233.64
2.1 608.874 3119.4
2.1 724.077 nan
2.1 861.078 nan
2.1 1024 nan
2.1 1217.75 nan
2.1 1448.15 nan
2.1 1722.16 nan
2.1 2048 nan
2.1 2435.5 nan
2.1 2896.31 nan
2.1 3444.31 nan

2.2 1.18921 1
2.2 1.41421 1
2.2 1.68179 1
2.2 2 1
2.2 2.37841 1
2.2 2.82843 1
2.2 3.36359 1
2.2 4 1
2.2 4.75683 1
2.2 5.65685 1
2.2 6.72717 1
2.2 8 1
2.2 9.51366 1
2.2 11.3137 1.48066
2.2 13.4543 2.26392
2.2 16 3.18482
2.2 19.0273 4.43406
2.2 22.6274 6.04591
2.2 26.9087 8.23483
2.2 32 11.1048
2.2 38.0546 14.9746
2.2 45.2548 20.1181
2.2 53.8174 26.9984
2.2 64 36.1969
2.2 76.1093 48.4629
2.2 90.5097 64.8777
2.2 107.635 86.7687
2.2 128 116.022
2.2 152.219 155.128
2.2 181.019 207.331
2.2 215.269 277.133
2.2 256 370.527
2.2 304.437 494.991
2.2 362.039 662.957
2.2 430.539 886.344
2.2 512 1189.55
2.2 608.874 1596.53
2.2 724.077 2143.62
2.2 861.078 2922.14
2.2 1024 3929.91
2.2 1217.75 nan
2.2 1448.15 nan
2.2 1722.16 nan
2.2 2048 nan
2.2 2435.5 nan
2.2 2896.31 nan
2.2 3444.31 nan

2.3 1.18921 1
2.3 1.41421 1
2.3 1.68179 1
2.3 2 1
2.3 2.37841 1
2.3 2.82843 1
2.3 3.36359 1
2.3 4 1
2.3 4.75683 1
2.3 5.65685 1
2.3 6.72717 1
2.3 8 1
2.3 9.51366 1
2.3 11.3137 1.39415
2.3 13.4543 2.09859
2.3 16 2.87392
2.3 19.0273 3.93566
2.3 22.6274 5.25084
2.3 26.9087 6.9955
2.3 32 9.27035
2.3 38.0546 12.2274
2.3 45.2548 16.1252
2.3 53.8174 21.1732
2.3 64 27.7999
2.3 76.1093 36.4614
2.3 90.5097 47.7632
2.3 107.635 62.5632
2.3 128 81.8725
2.3 152.219 107.109
2.3 181.019 140.114
2.3 215.269 183.228
2.3 256 239.519
2.3 304.437 313.337
2.3 362.039 409.636
2.3 430.539 535.597
2.3 512 701.594
2.3 608.874 917.142
2.3 724.077 1204.87
2.3 861.078 1581.28
2.3 1024 2069.36
2.3 1217.75 2765.83
2.3 1448.15 3643.5
2.3 1722.16 nan
2.3 2048 nan
2.3 2435.5 nan
2.3 2896.31 nan
2.3 3444.31 nan

2.4 1.18921 1
2.4 1.41421 1
2.4 1.68179 1
2.4 2 1
2.4 2.37841 1
2.4 2.82843 1
2.4 3.36359 1
2.4 4 1
2.4 4.75683 1
2.4 5.65685 1
2.4 6.72717 1
2.4 8 1
2.4 9.51366 1
2.4 11.3137 1.32242
2.4 13.4543 1.94905
2.4 16 2.62545
2.4 19.0273 3.51396
2.4 22.6274 4.63984
2.4 26.9087 6.06035
2.4 32 7.91567
2.4 38.0546 10.2493
2.4 45.2548 13.2657
2.4 53.8174 17.15
2.4 64 22.1034
2.4 76.1093 28.4862
2.4 90.5097 36.6692
2.4 107.635 47.1519
2.4 128 60.6264
2.4 152.219 77.8882
2.4 181.019 100.021
2.4 215.269 128.425
2.4 256 164.87
2.4 304.437 211.554
2.4 362.039 271.493
2.4 430.539 348.536
2.4 512 447.035
2.4 608.874 574.217
2.4 724.077 737.715
2.4 861.078 946.026
2.4 1024 1220.73
2.4 1217.75 1571.75
2.4 1448.15 2015.65
2.4 1722.16 2644.66
2.4 2048 3424.17
2.4 2435.5 nan
2.4 2896.31 nan
2.4 3444.31 nan

2.5 1.18921 0.5
2.5 1.41421 0.5
2.5 1.68179 0.5
2.5 2 0.5
2.5 2.37841 0.5
2.5 2.82843 0.5
2.5 3.36359 0.5
2.5 4 0.5
2.5 4.75683 0.5
2.5 5.65685 0.5
2.5 6.72717 0.5
2.5 8 0.5
2.5 9.51366 0.5
2.5 11.3137 1.26181
2.5 13.4543 1.801
2.5 16 2.4227
2.5 19.0273 3.17933
2.5 22.6274 4.15822
2.5 26.9087 5.33952
2.5 32 6.85632
2.5 38.0546 8.77622
2.5 45.2548 11.1765
2.5 53.8174 14.233
2.5 64 18.0886
2.5 76.1093 22.9438
2.5 90.5097 29.1011
2.5 107.635 36.8642
2.5 128 46.6545
2.5 152.219 59.04
2.5 181.019 74.6627
2.5 215.269 94.3657
2.5 256 119.248
2.5 304.437 150.68
2.5 362.039 190.302
2.5 430.539 240.261
2.5 512 303.588
2.5 608.874 383.337
2.5 724.077 483.684
2.5 861.078 611.981
2.5 1024 773.193
2.5 1217.75 975.275
2.5 1448.15 1239.73
2.5 1722.16 1570.1
2.5 2048 1980.62
2.5 2435.5 2555.7
2.5 2896.31 3261.19
2.5 3444.31 nan

2.6 1.18921 0.5
2.6 1.41421 0.5
2.6 1.68179 0.5
2.6 2 0.5
2.6 2.37841 0.5
2.6 2.82843 0.5
2.6 3.36359 0.5
2.6 4 0.5
2.6 4.75683 0.5
2.6 5.65685 0.5
2.6 6.72717 0.5
2.6 8 0.5
2.6 9.51366 0.5
2.6 11.3137 1.20974
2.6 13.4543 1.68027
2.6 16 2.25425
2.6 19.0273 2.90821
2.6 22.6274 3.75187
2.6 26.9087 4.77033
2.6 32 6.0356
2.6 38.0546 7.6364
2.6 45.2548 9.60389
2.6 53.8174 12.0601
2.6 64 15.1442
2.6 76.1093 18.9641
2.6 90.5097 23.7253
2.6 107.635 29.6807
2.6 128 37.0813
2.6 152.219 46.2906
2.6 181.019 57.7822
2.6 215.269 72.0871
2.6 256 89.8723
2.6 304.437 112.024
2.6 362.039 139.629
2.6 430.539 173.964
2.6 512 216.646
2.6 608.874 269.859
2.6 724.077 336.278
2.6 861.078 418.602
2.6 1024 521.02
2.6 1217.75 650.511
2.6 1448.15 810.061
2.6 1722.16 1007.28
2.6 2048 1264.67
2.6 2435.5 1578.88
2.6 2896.31 1963.35
2.6 3444.31 2498.85

2.7 1.18921 0.5
2.7 1.41421 0.5
2.7 1.68179 0.5
2.7 2 0.5
2.7 2.37841 0.5
2.7 2.82843 0.5
2.7 3.36359 0.5
2.7 4 0.5
2.7 4.75683 0.5
2.7 5.65685 0.5
2.7 6.72717 0.5
2.7 8 0.5
2.7 9.51366 0.5
2.7 11.3137 1.16441
2.7 13.4543 1.57993
2.7 16 2.11212
2.7 19.0273 2.68456
2.7 22.6274 3.41213
2.7 26.9087 4.31146
2.7 32 5.38519
2.7 38.0546 6.72623
2.7 45.2548 8.38867
2.7 53.8174 10.4066
2.7 64 12.9097
2.7 76.1093 16.0143
2.7 90.5097 19.7986
2.7 107.635 24.4756
2.7 128 30.2563
2.7 152.219 37.3499
2.7 181.019 46.0777
2.7 215.269 56.8398
2.7 256 70.0862
2.7 304.437 86.3549
2.7 362.039 106.376
2.7 430.539 131.029
2.7 512 161.364
2.7 608.874 198.607
2.7 724.077 244.371
2.7 861.078 301.014
2.7 1024 370.444
2.7 1217.75 455.508
2.7 1448.15 561.213
2.7 1722.16 691.772
2.7 2048 850.701
2.7 2435.5 1046.47
2.7 2896.31 1298.95
2.7 3444.31 1601.45

2.8 1.18921 0.5
2.8 1.41421 0.5
2.8 1.68179 0.5
2.8 2 0.5
2.8 2.37841 0.5
2.8 2.82843 0.5
2.8 3.36359 0.5
2.8 4 0.5
2.8 4.75683 0.5
2.8 5.65685 0.5
2.8 6.72717 0.5
2.8 8 0.5
2.8 9.51366 0.5
2.8 11.3137 1.12446
2.8 13.4543 1.49518
2.8 16 1.98811
2.8 19.0273 2.49716
2.8 22.6274 3.13271
2.8 26.9087 3.92999
2.8 32 4.85952
2.8 38.0546 6.0015
2.8 45.2548 7.41177
2.8 53.8174 9.11782
2.8 64 11.1915
2.8 76.1093 13.7364
2.8 90.5097 16.8467
2.8 107.635 20.6133
2.8 128 25.2204
2.8 152.219 30.8562
2.8 181.019 37.6972
2.8 215.269 46.0337
2.8 256 56.2086
2.8 304.437 68.6115
2.8 362.039 83.6877
2.8 430.539 102.05
2.8 512 124.425
2.8 608.874 151.714
2.8 724.077 184.87
2.8 861.078 225.181
2.8 1024 274.445
2.8 1217.75 334.556
2.8 1448.15 407.341
2.8 1722.16 495.64
2.8 2048 605.622
2.8 2435.5 738.271
2.8 2896.31 898.102
2.8 3444.31 1097.35

2.9 1.18921 0.5
2.9 1.41421 0.5
2.9 1.68179 0.5
2.9 2 0.5
2.9 2.37841 0.5
2.9 2.82843 0.5
2.9 3.36359 0.5
2.9 4 0.5
2.9 4.75683 0.5
2.9 5.65685 0.5
2.9 6.72717 0.5
2.9 8 0.5
2.9 9.51366 0.5
2.9 11.3137 1.0889
2.9 13.4543 1.42258
2.9 16 1.85851
2.9 19.0273 2.33797
2.9 22.6274 2.89934
2.9 26.9087 3.59549
2.9 32 4.4273
2.9 38.0546 5.41367
2.9 45.2548 6.61972
2.9 53.8174 8.09183
2.9 64 9.8406
2.9 76.1093 11.9669
2.9 90.5097 14.5523
2.9 107.635 17.6714
2.9 128 21.4293
2.9 152.219 25.9848
2.9 181.019 31.5077
2.9 215.269 38.1502
2.9 256 46.1795
2.9 304.437 55.8935
2.9 362.039 67.637
2.9 430.539 81.7913
2.9 512 98.878
2.9 608.874 119.515
2.9 724.077 144.491
2.9 861.078 174.59
2.9 1024 210.849
2.9 1217.75 254.568
2.9 1448.15 307.938
2.9 1722.16 371.9
2.9 2048 448.724
2.9 2435.5 542.381
2.9 2896.31 657.017
2.9 3444.31 793.324

3.02839 1.18921 0.5
3.02839 1.41421 0.5
3.02839 1.68179 0.5
3.02839 2 0.5
3.02839 2.37841 0.5
3.02839 2.82843 0.5
3.02839 3.36359 0.5
3.02839 4 0.5
3.02839 4.75683 0.5
3.02839 5.65685 0.5
3.02839 6.72717 0.5
3.02839 8 0.5
3.02839 9.51366 0.5
3.02839 11.3137 1.04848
3.02839 13.4543 1.34325
3.02839 16 1.7209
3.02839 19.0273 2.16563
3.02839 22.6274 2.65114
3.02839 26.9087 3.24547
3.02839 32 3.97301
3.02839 38.0546 4.80675
3.02839 45.2548 5.81298
3.02839 53.8174 7.02977
3.02839 64 8.48877
3.02839 76.1093 10.2183
3.02839 90.5097 12.2999
3.02839 107.635 14.8052
3.02839 128 17.7978
3.02839 152.219 21.3738
3.02839 181.019 25.6666
3.02839 215.269 30.8207
3.02839 256 36.9753
3.02839 304.437 44.3402
3.02839 362.039 53.1657
3.02839 430.539 63.744
3.02839 512 76.3981
3.02839 608.874 91.5254
3.02839 724.077 109.623
3.02839 861.078 131.306
3.02839 1024 157.333
3.02839 1217.75 188.36
3.02839 1448.15 225.404
3.02839 1722.16 269.964
3.02839 2048 323.642
3.02839 2435.5 387.33
3.02839 2896.31 463.117
3.02839 3444.31 555.68

3.16247 1.18921 0.5
3.16247 1.41421 0.5
3.16247 1.68179 0.5
3.16247 2 0.5
3.16247 2.37841 0.5
3.16247 2.82843 0.5
3.16247 3.36359 0.5
3.16247 4 0.5
3.16247 4.75683 0.5
3.16247 5.65685 0.5
3.16247 6.72717 0.5
3.16247 8 0.5
3.16247 9.51366 0.5
3.16247 11.3137 1.01134
3.16247 13.4543 1.27332
3.16247 16 1.60317
3.16247 19.0273 2.01527
3.16247 22.6274 2.43862
3.16247 26.9087 2.95088
3.16247 32 3.57072
3.16247 38.0546 4.30265
3.16247 45.2548 5.15259
3.16247 53.8174 6.17031
3.16247 64 7.389
3.16247 76.1093 8.83027
3.16247 90.5097 10.5352
3.16247 107.635 12.5689
3.16247 128 14.995
3.16247 152.219 17.8715
3.16247 181.019 21.2855
3.16247 215.269 25.35
3.16247 256 30.1894
3.16247 304.437 35.938
3.16247 362.039 42.7635
3.16247 430.539 50.8777
3.16247 512 60.5267
3.16247 608.874 72.0169
3.16247 724.077 85.6552
3.16247 861.078 101.842
3.16247 1024 121.066
3.16247 1217.75 144.071
3.16247 1448.15 171.357
3.16247 1722.16 203.658
3.16247 2048 241.951
3.16247 2435.5 288.269
3.16247 2896.31 343.157
3.16247 3444.31 407.791

3.30249 1.18921 0.25
3.30249 1.41421 0.25
3.30249 1.68179 0.25
3.30249 2 0.25
3.30249 2.37841 0.25
3.30249 2.82843 0.25
3.30249 3.36359 0.25
3.30249 4 0.25
3.30249 4.75683 0.25
3.30249 5.65685 0.25
3.30249 6.72717 0.25
3.30249 8 0.25
3.30249 9.51366 0.25
3.30249 11.3137 0.912526
3.30249 13.4543 1.21113
3.30249 16 1.50138
3.30249 19.0273 1.86118
3.30249 22.6274 2.25481
3.30249 26.9087 2.70024
3.30249 32 3.23365
3.30249 38.0546 3.87242
3.30249 45.2548 4.60468
3.30249 53.8174 5.46679
3.30249 64 6.49021
3.30249 76.1093 7.70518
3.30249 90.5097 9.12885
3.30249 107.635 10.8088
3.30249 128 12.7975
3.30249 152.219 15.1518
3.30249 181.019 17.9301
3.30249 215.269 21.2102
3.30249 256 25.0883
3.30249 304.437 29.6742
3.30249 362.039 35.1014
3.30249 430.539 41.5143
3.30249 512 49.089
3.30249 608.874 58.0397
3.30249 724.077 68.6543
3.30249 861.078 81.2236
3.30249 1024 96.0464
3.30249 1217.75 113.544
3.30249 1448.15 134.336
3.30249 1722.16 159.111
3.30249 2048 188.224
3.30249 2435.5 222.517
3.30249 2896.31 263.295
3.30249 3444.31 312.769

3.4487 1.18921 0.5
3.4487 1.41421 0.5
3.4487 1.68179 0.5
3.4487 2 0.5
3.4487 2.37841 0.5
3.4487 2.82843 0.5
3.4487 3.36359 0.5
3.4487 4 0.5
3.4487 4.75683 0.5
3.4487 5.65685 0.5
3.4487 6.72717 0.5
3.4487 8 0.5
3.4487 9.51366 0.5
3.4487 11.3137 0.821773
3.4487 13.4543 1.15535
3.4487 16 1.41249
3.4487 19.0273 1.72686
3.4487 22.6274 2.09424
3.4487 26.9087 2.48478
3.4487 32 2.94813
3.4487 38.0546 3.49787
3.4487 45.2548 4.144
3.4487 53.8174 4.88309
3.4487 64 5.75387
3.4487 76.1093 6.77986
3.4487 90.5097 7.98874
3.4487 107.635 9.39975
3.4487 128 11.0592
3.4487 152.219 13.0111
3.4487 181.019 15.3073
3.4487 215.269 18.0121
3.4487 256 21.1934
3.4487 304.437 24.9342
3.4487 362.039 29.3339
3.4487 430.539 34.5288
3.4487 512 40.6574
3.4487 608.874 47.8613
3.4487 724.077 56.3338
3.4487 861.078 66.338
3.4487 1024 78.2217
3.4487 1217.75 92.168
3.4487 1448.15 108.558
3.4487 1722.16 127.839
3.4487 2048 151.144
3.4487 2435.5 178.369
3.4487 2896.31 210.272
3.4487 3444.31 247.741

3.60139 1.18921 0.5
3.60139 1.41421 0.5
3.60139 1.68179 0.5
3.60139 2 0.5
3.60139 2.37841 0.5
3.60139 2.82843 0.5
3.60139 3.36359 0.5
3.60139 4 0.5
3.60139 4.75683 0.5
3.60139 5.65685 0.5
3.60139 6.72717 0.5
3.60139 8 0.5
3.60139 9.51366 0.5
3.60139 11.3137 0.758985
3.60139 13.4543 1.10495
3.60139 16 1.33418
3.60139 19.0273 1.61096
3.60139 22.6274 1.94517
3.60139 26.9087 2.29767
3.60139 32 2.70374
3.60139 38.0546 3.18154
3.60139 45.2548 3.74377
3.60139 53.8174 4.39227
3.60139 64 5.14246
3.60139 76.1093 6.02066
3.60139 90.5097 7.04876
3.60139 107.635 8.25234
3.60139 128 9.66068
3.60139 152.219 11.3086
3.60139 181.019 13.2373
3.60139 215.269 15.4945
3.60139 256 18.1582
3.60139 304.437 21.2827
3.60139 362.039 24.9419
3.60139 430.539 29.2286
3.60139 512 34.2876
3.60139 608.874 40.2633
3.60139 724.077 47.2641
3.60139 861.078 55.4718
3.60139 1024 65.1279
3.60139 1217.75 76.6846
3.60139 1448.15 90.2003
3.60139 1722.16 106.038
3.60139 2048 124.621
3.60139 2435.5 147.22
3.60139 2896.31 173.676
3.60139 3444.31 204.552

3.76083 1.18921 0.5
3.76083 1.41421 0.5
3.76083 1.68179 0.5
3.76083 2 0.5
3.76083 2.37841 0.5
3.76083 2.82843 0.5
3.76083 3.36359 0.5
3.76083 4 0.5
3.76083 4.75683 0.5
3.76083 5.65685 0.5
3.76083 6.72717 0.5
3.76083 8 0.5
3.76083 9.51366 0.5
3.76083 11.3137 0.713445
3.76083 13.4543 1.05906
3.76083 16 1.2646
3.76083 19.0273 1.51003
3.76083 22.6274 1.80309
3.76083 26.9087 2.13351
3.76083 32 2.49237
3.76083 38.0546 2.91157
3.76083 45.2548 3.40124
3.76083 53.8174 3.97326
3.76083 64 4.62784
3.76083 76.1093 5.38935
3.76083 90.5097 6.27605
3.76083 107.635 7.30856
3.76083 128 8.51627
3.76083 152.219 9.93191
3.76083 181.019 11.5821
3.76083 215.269 13.5059
3.76083 256 15.749
3.76083 304.437 18.4128
3.76083 362.039 21.5287
3.76083 430.539 25.1686
3.76083 512 29.4219
3.76083 608.874 34.4551
3.76083 724.077 40.413
3.76083 861.078 47.3798
3.76083 1024 55.5341
3.76083 1217.75 65.1256
3.76083 1448.15 76.6981
3.76083 1722.16 90.202
3.76083 2048 106
3.76083 2435.5 124.514
3.76083 2896.31 147.318
3.76083 3444.31 174

3.92734 1.18921 0.5
3.92734 1.41421 0.5
3.92734 1.68179 0.5
3.92734 2 0.5
3.92734 2.37841 0.5
3.92734 2.82843 0.5
3.92734 3.36359 0.5
3.92734 4 0.5
3.92734 4.75683 0.5
3.92734 5.65685 0.5
3.92734 6.72717 0.5
3.92734 8 0.5
3.92734 9.51366 0.5
3.92734 11.3137 0.679209
3.92734 13.4543 1.01697
3.92734 16 1.20228
3.92734 19.0273 1.42134
3.92734 22.6274 1.68033
3.92734 26.9087 1.98649
3.92734 32 2.30767
3.92734 38.0546 2.67875
3.92734 45.2548 3.10948
3.92734 53.8174 3.60946
3.92734 64 4.18856
3.92734 76.1093 4.85714
3.92734 90.5097 5.63226
3.92734 107.635 6.53096
3.92734 128 7.57299
3.92734 152.219 8.79963
3.92734 181.019 10.2365
3.92734 215.269 11.9071
3.92734 256 13.8498
3.92734 304.437 16.1125
3.92734 362.039 18.8249
3.92734 430.539 21.9874
3.92734 512 25.6772
3.92734 608.874 29.9837
3.92734 724.077 35.121
3.92734 861.078 41.2017
3.92734 1024 48.3074
3.92734 1217.75 56.621
3.92734 1448.15 66.4752
3.92734 1722.16 78.3974
3.92734 2048 92.2928
3.92734 2435.5 108.538
3.92734 2896.31 127.573
3.92734 3444.31 151.589

4.10122 1.18921 0.25
4.10122 1.41421 0.25
4.10122 1.68179 0.25
4.10122 2 0.25
4.10122 2.37841 0.25
4.10122 2.82843 0.25
4.10122 3.36359 0.25
4.10122 4 0.25
4.10122 4.75683 0.25
4.10122 5.65685 0.25
4.10122 6.72717 0.25
4.10122 8 0.25
4.10122 9.51366 0.25
4.10122 11.3137 0.652739
4.10122 13.4543 0.949008
4.10122 16 1.14602
4.10122 19.0273 1.34278
4.10122 22.6274 1.57331
4.10122 26.9087 1.84342
4.10122 32 2.1445
4.10122 38.0546 2.47585
4.10122 45.2548 2.85838
4.10122 53.8174 3.29997
4.10122 64 3.80979
4.10122 76.1093 4.40209
4.10122 90.5097 5.08847
4.10122 107.635 5.88168
4.10122 128 6.79842
4.10122 152.219 7.85799
4.10122 181.019 9.12458
4.10122 215.269 10.6008
4.10122 256 12.3148
4.10122 304.437 14.3054
4.10122 362.039 16.6438
4.10122 430.539 19.4497
4.10122 512 22.7209
4.10122 608.874 26.5372
4.10122 724.077 30.9917
4.10122 861.078 36.3879
4.10122 1024 42.7387
4.10122 1217.75 50.1623
4.10122 1448.15 58.8529
4.10122 1722.16 69.3538
4.10122 2048 81.9561
4.10122 2435.5 96.6408
4.10122 2896.31 113.809
4.10122 3444.31 134.53

4.2828 1.18921 0.5
4.2828 1.41421 0.5
4.2828 1.68179 0.5
4.2828 2 0.5
4.2828 2.37841 0.5
4.2828 2.82843 0.5
4.2828 3.36359 0.5
4.2828 4 0.5
4.2828 4.75683 0.5
4.2828 5.65685 0.5
4.2828 6.72717 0.5
4.2828 8 0.5
4.2828 9.51366 0.5
4.2828 11.3137 0.631806
4.2828 13.4543 0.877487
4.2828 16 1.09483
4.2828 19.0273 1.2726
4.2828 22.6274 1.47923
4.2828 26.9087 1.7194
4.2828 32 1.99857
4.2828 38.0546 2.29706
4.2828 45.2548 2.63993
4.2828 53.8174 3.03394
4.2828 64 3.48675
4.2828 76.1093 4.00732
4.2828 90.5097 4.62259
4.2828 107.635 5.33203
4.2828 128 6.15015
4.2828 152.219 7.09368
4.2828 181.019 8.19144
4.2828 215.269 9.51681
4.2828 256 11.0548
4.2828 304.437 12.8403
4.2828 362.039 14.9134
4.2828 430.539 17.3928
4.2828 512 20.349
4.2828 608.874 23.7981
4.2828 724.077 27.8259
4.2828 861.078 32.5626
4.2828 1024 38.3685
4.2828 1217.75 45.1452
4.2828 1448.15 53.0742
4.2828 1722.16 62.3675
4.2828 2048 73.9509
4.2828 2435.5 87.5649
4.2828 2896.31 103.44
4.2828 3444.31 122.01

4.47241 1.18921 0.5
4.47241 1.41421 0.5
4.47241 1.68179 0.5
4.47241 2 0.5
4.47241 2.37841 0.5
4.47241 2.82843 0.5
4.47241 3.36359 0.5
4.47241 4 0.5
4.47241 4.75683 0.5
4.47241 5.65685 0.5
4.47241 6.72717 0.5
4.47241 8 0.5
4.47241 9.51366 0.53872
4.47241 11.3137 0.678949
4.47241 13.4543 0.855677
4.47241 16 1.04789
4.47241 19.0273 1.20942
4.47241 22.6274 1.39585
4.47241 26.9087 1.611
4.47241 32 1.85932
4.47241 38.0546 2.13763
4.47241 45.2548 2.44773
4.47241 53.8174 2.80278
4.47241 64 3.20929
4.47241 76.1093 3.67475
4.47241 90.5097 4.21779
4.47241 107.635 4.8602
4.47241 128 5.60013
4.47241 152.219 6.45251
4.47241 181.019 7.43451
4.47241 215.269 8.60482
4.47241 256 10.0058
4.47241 304.437 11.6328
4.47241 362.039 13.523
4.47241 430.539 15.7197
4.47241 512 18.4192
4.47241 608.874 21.5897
4.47241 724.077 25.2943
4.47241 861.078 29.6275
4.47241 1024 34.8756
4.47241 1217.75 41.1811
4.47241 1448.15 48.5501
4.47241 1722.16 57.1831
4.47241 2048 67.5997
4.47241 2435.5 80.4387
4.47241 2896.31 95.4005
4.47241 3444.31 112.877

4.67042 1.18921 0.5
4.67042 1.41421 0.5
4.67042 1.68179 0.5
4.67042 2 0.5
4.67042 2.37841 0.5
4.67042 2.82843 0.5
4.67042 3.36359 0.5
4.67042 4 0.5
4.67042 4.75683 0.5
4.67042 5.65685 0.5
4.67042 6.72717 0.5
4.67042 8 0.5
4.67042 9.51366 0.531861
4.67042 11.3137 0.657965
4.67042 13.4543 0.813968
4.67042 16 1.00448
4.67042 19.0273 1.15207
4.67042 22.6274 1.32134
4.67042 26.9087 1.51547
4.67042 32 1.73812
4.67042 38.0546 1.99347
4.67042 45.2548 2.2766
4.67042 53.8174 2.5996
4.67042 64 2.96837
4.67042 76.1093 3.38944
4.67042 90.5097 3.87022
4.67042 107.635 4.4497
4.67042 128 5.12715
4.67042 152.219 5.9074
4.67042 181.019 6.80618
4.67042 215.269 7.84159
4.67042 256 9.1219
4.67042 304.437 10.6248
4.67042 362.039 12.3729
4.67042 430.539 14.4072
4.67042 512 16.8302
4.67042 608.874 19.7872
4.67042 724.077 23.2435
4.67042 861.078 27.2898
4.67042 1024 32.0345
4.67042 1217.75 37.99
4.67042 1448.15 44.9443
4.67042 1722.16 53.0846
4.67042 2048 62.6348
4.67042 2435.5 74.7056
4.67042 2896.31 88.947
4.67042 3444.31 105.599

4.8772 1.18921 0.5
4.8772 1.41421 0.5
4.8772 1.68179 0.5
4.8772 2 0.5
4.8772 2.37841 0.5
4.8772 2.82843 0.5
4.8772 3.36359 0.5
4.8772 4 0.5
4.8772 4.75683 0.5
4.8772 5.65685 0.5
4.8772 6.72717 0.5
4.8772 8 0.5
4.8772 9.51366 0.52488
4.8772 11.3137 0.638911
4.8772 13.4543 0.777713
4.8772 16 0.946669
4.8772 19.0273 1.09956
4.8772 22.6274 1.25421
4.8772 26.9087 1.4306
4.8772 32 1.63179
4.8772 38.0546 1.86127
4.8772 45.2548 2.12228
4.8772 53.8174 2.41883
4.8772 64 2.75673
4.8772 76.1093 3.14181
4.8772 90.5097 3.58064
4.8772 107.635 4.08829
4.8772 128 4.71535
4.8772 152.219 5.43799
4.8772 181.019 6.27102
4.8772 215.269 7.23144
4.8772 256 8.37041
4.8772 304.437 9.77484
4.8772 362.039 11.4107
4.8772 430.539 13.3176
4.8772 512 15.5417
4.8772 608.874 18.2993
4.8772 724.077 21.5629
4.8772 861.078 25.3852
4.8772 1024 29.869
4.8772 1217.75 35.3736
4.8772 1448.15 42.0053
4.8772 1722.16 49.7693
4.8772 2048 58.8752
4.8772 2435.5 70.0387
4.8772 2896.31 83.6304
4.8772 3444.31 99.5634

5.09313 1.18921 0.5
5.09313 1.41421 0.5
5.09313 1.68179 0.5
5.09313 2 0.5
5.09313 2.37841 0.5
5.09313 2.82843 0.5
5.09313 3.36359 0.5
5.09313 4 0.5
5.09313 4.75683 0.5
5.09313 5.65685 0.5
5.09313 6.72717 0.5
5.09313 8 0.5
5.09313 9.51366 0.517825
5.09313 11.3137 0.621461
5.09313 13.4543 0.745837
5.09313 16 0.895104
5.09313 19.0273 1.05106
5.09313 22.6274 1.19321
5.09313 26.9087 1.35458
5.09313 32 1.53776
5.09313 38.0546 1.74571
5.09313 45.2548 1.98178
5.09313 53.8174 2.25597
5.09313 64 2.56854
5.09313 76.1093 2.92435
5.09313 90.5097 3.32941
5.09313 107.635 3.79056
5.09313 128 4.35313
5.09313 152.219 5.02925
5.09313 181.019 5.80974
5.09313 215.269 6.71097
5.09313 256 7.75178
5.09313 304.437 9.05276
5.09313 362.039 10.5986
5.09313 430.539 12.4036
5.09313 512 14.5129
5.09313 608.874 17.0566
5.09313 724.077 20.1689
5.09313 861.078 23.8144
5.09313 1024 28.0922
5.09313 1217.75 33.2056
5.09313 1448.15 39.5583
5.09313 1722.16 47.0089
5.09313 2048 55.756
5.09313 2435.5 66.1904
5.09313 2896.31 79.177
5.09313 3444.31 94.4316

5.31862 1.18921 0.5
5.31862 1.41421 0.5
5.31862 1.68179 0.5
5.31862 2 0.5
5.31862 2.37841 0.5
5.31862 2.82843 0.5
5.31862 3.36359 0.5
5.31862 4 0.5
5.31862 4.75683 0.5
5.31862 5.65685 0.5
5.31862 6.72717 0.5
5.31862 8 0.5
5.31862 9.51366 0.510715
5.31862 11.3137 0.605351
5.31862 13.4543 0.71752
5.31862 16 0.850472
5.31862 19.0273 1.00582
5.31862 22.6274 1.13728
5.31862 26.9087 1.2859
5.31862 32 1.45394
5.31862 38.0546 1.64393
5.31862 45.2548 1.85875
5.31862 53.8174 2.10746
5.31862 64 2.39914
5.31862 76.1093 2.73109
5.31862 90.5097 3.1089
5.31862 107.635 3.53894
5.31862 128 4.03231
5.31862 152.219 4.67034
5.31862 181.019 5.40826
5.31862 215.269 6.26206
5.31862 256 7.25025
5.31862 304.437 8.43581
5.31862 362.039 9.90858
5.31862 430.539 11.6305
5.31862 512 13.6462
5.31862 608.874 16.0086
5.31862 724.077 18.9962
5.31862 861.078 22.4982
5.31862 1024 26.6095
5.31862 1217.75 31.4431
5.31862 1448.15 37.4946
5.31862 1722.16 44.6559
5.31862 2048 53.0801
5.31862 2435.5 62.9964
5.31862 2896.31 75.3674
5.31862 3444.31 89.9891

5.5541 1.18921 0.5
5.5541 1.41421 0.5
5.5541 1.68179 0.5
5.5541 2 0.5
5.5541 2.37841 0.5
5.5541 2.82843 0.5
5.5541 3.36359 0.5
5.5541 4 0.5
5.5541 4.75683 0.5
5.5541 5.65685 0.5
5.5541 6.72717 0.5
5.5541 8 0.5
5.5541 9.51366 0.503586
5.5541 11.3137 0.590384
5.5541 13.4543 0.69214
5.5541 16 0.811432
5.5541 19.0273 0.951284
5.5541 22.6274 1.08544
5.5541 26.9087 1.22325
5.5541 32 1.37853
5.5541 38.0546 1.55352
5.5541 45.2548 1.75072
5.5541 53.8174 1.97295
5.5541 64 2.24485
5.5541 76.1093 2.55724
5.5541 90.5097 2.913
5.5541 107.635 3.31818
5.5541 128 3.77969
5.5541 152.219 4.35352
5.5541 181.019 5.05631
5.5541 215.269 5.87136
5.5541 256 6.81704
5.5541 304.437 7.91461
5.5541 362.039 9.31845
5.5541 430.539 10.9719
5.5541 512 12.9097
5.5541 608.874 15.1837
5.5541 724.077 17.9967
5.5541 861.078 21.3742
5.5541 1024 25.3441
5.5541 1217.75 30.0152
5.5541 1448.15 35.7365
5.5541 1722.16 42.6215
5.5541 2048 50.7351
5.5541 2435.5 60.3022
5.5541 2896.31 72.0261
5.5541 3444.31 86.0705

5.8 1.18921 0.5
5.8 1.41421 0.5
5.8 1.68179 0.5
5.8 2 0.5
5.8 2.37841 0.5
5.8 2.82843 0.5
5.8 3.36359 0.5
5.8 4 0.5
5.8 4.75683 0.5
5.8 5.65685 0.5
5.8 6.72717 0.5
5.8 8 0.5
5.8 9.51366 0.5
5.8 11.3137 0.576385
5.8 13.4543 0.669192
5.8 16 0.776941
5.8 19.0273 0.902038
5.8 22.6274 1.03684
5.8 26.9087 1.16544
5.8 32 1.30996
5.8 38.0546 1.4724
5.8 45.2548 1.65497
5.8 53.8174 1.86018
5.8 64 2.10274
5.8 76.1093 2.3989
5.8 90.5097 2.73661
5.8 107.635 3.12175
5.8 128 3.56104
5.8 152.219 4.07241
5.8 181.019 4.74561
5.8 215.269 5.52806
5.8 256 6.43817
5.8 304.437 7.4973
5.8 362.039 8.80779
5.8 430.539 10.4039
5.8 512 12.2762
5.8 608.874 14.4753
5.8 724.077 17.1369
5.8 861.078 20.3976
5.8 1024 24.238
5.8 1217.75 28.7637
5.8 1448.15 34.2121
5.8 1722.16 40.8382
5.8 2048 48.654
5.8 2435.5 57.8805
5.8 2896.31 69.0361
5.8 3444.31 82.557

6.05679 1.18921 0.5
6.05679 1.41421 0.5
6.05679 1.68179 0.5
6.05679 2 0.5
6.05679 2.37841 0.5
6.05679 2.82843 0.5
6.05679 3.36359 0.5
6.05679 4 0.5
6.05679 4.75683 0.5
6.05679 5.65685 0.5
6.05679 6.72717 0.5
6.05679 8 0.5
6.05679 9.51366 0.5
6.05679 11.3137 0.563171
6.05679 13.4543 0.648237
6.05679 16 0.74615
6.05679 19.0273 0.858851
6.05679 22.6274 0.988574
6.05679 26.9087 1.11137
6.05679 32 1.24679
6.05679 38.0546 1.39868
6.05679 45.2548 1.56907
6.05679 53.8174 1.76022
6.05679 64 1.97465
6.05679 76.1093 2.25293
6.05679 90.5097 2.57559
6.05679 107.635 2.94428
6.05679 128 3.36564
6.05679 152.219 3.84724
6.05679 181.019 4.46948
6.05679 215.269 5.22441
6.05679 256 6.10467
6.05679 304.437 7.13183
6.05679 362.039 8.36425
6.05679 430.539 9.91025
6.05679 512 11.7259
6.05679 608.874 13.8606
6.05679 724.077 16.3969
6.05679 861.078 19.5453
6.05679 1024 23.2603
6.05679 1217.75 27.645
6.05679 1448.15 32.8599
6.05679 1722.16 39.2484
6.05679 2048 46.7859
6.05679 2435.5 55.6876
6.05679 2896.31 66.3254
6.05679 3444.31 79.37

