# T0 = 3
# mxlib uncomp [dev]: 15c346a9a22d5b28a2224372f9d9f720bd775978
# mxlib comp [dev]: 38139e97f9e4c035fd45e2571fd22f6c821a6b80
# pointingEnv [main]: dbe98ccca0a517a97e5f48e28d1e0b1e2e597f0d
1 1.18921 8
1 1.41421 8
1 1.68179 8
1 2 8
1 2.37841 8
1 2.82843 8
1 3.36359 8
1 4 8
1 4.75683 8
1 5.65685 8
1 6.72717 8
1 8 8
1 9.51366 8
1 11.3137 117.634
1 13.4543 1345.64
1 16 nan
1 19.0273 nan
1 22.6274 nan
1 26.9087 nan
1 32 nan
1 38.0546 nan
1 45.2548 nan
1 53.8174 nan
1 64 nan
1 76.1093 nan
1 90.5097 nan
1 107.635 nan
1 128 nan
1 152.219 nan
1 181.019 nan
1 215.269 nan
1 256 nan
1 304.437 nan
1 362.039 nan
1 430.539 nan
1 512 nan
1 608.874 nan
1 724.077 nan
1 861.078 nan
1 1024 nan
1 1217.75 nan
1 1448.15 nan
1 1722.16 nan
1 2048 nan
1 2435.5 nan
1 2896.31 nan
1 3444.31 nan

1.1 1.18921 16
1.1 1.41421 16
1.1 1.68179 16
1.1 2 16
1.1 2.37841 16
1.1 2.82843 16
1.1 3.36359 16
1.1 4 16
1.1 4.75683 16
1.1 5.65685 16
1.1 6.72717 16
1.1 8 16
1.1 9.51366 16
1.1 11.3137 74.9194
1.1 13.4543 382.013
1.1 16 2604.19
1.1 19.0273 nan
1.1 22.6274 nan
1.1 26.9087 nan
1.1 32 nan
1.1 38.0546 nan
1.1 45.2548 nan
1.1 53.8174 nan
1.1 64 nan
1.1 76.1093 nan
1.1 90.5097 nan
1.1 107.635 nan
1.1 128 nan
1.1 152.219 nan
1.1 181.019 nan
1.1 215.269 nan
1.1 256 nan
1.1 304.437 nan
1.1 362.039 nan
1.1 430.539 nan
1.1 512 nan
1.1 608.874 nan
1.1 724.077 nan
1.1 861.078 nan
1.1 1024 nan
1.1 1217.75 nan
1.1 1448.15 nan
1.1 1722.16 nan
1.1 2048 nan
1.1 2435.5 nan
1.1 2896.31 nan
1.1 3444.31 nan

1.2 1.18921 16
1.2 1.41421 16
1.2 1.68179 16
1.2 2 16
1.2 2.37841 16
1.2 2.82843 16
1.2 3.36359 16
1.2 4 16
1.2 4.75683 16
1.2 5.65685 16
1.2 6.72717 16
1.2 8 16
1.2 9.51366 16
1.2 11.3137 54.0375
1.2 13.4543 185.725
1.2 16 680.564
1.2 19.0273 2850.39
1.2 22.6274 nan
1.2 26.9087 nan
1.2 32 nan
1.2 38.0546 nan
1.2 45.2548 nan
1.2 53.8174 nan
1.2 64 nan
1.2 76.1093 nan
1.2 90.5097 nan
1.2 107.635 nan
1.2 128 nan
1.2 152.219 nan
1.2 181.019 nan
1.2 215.269 nan
1.2 256 nan
1.2 304.437 nan
1.2 362.039 nan
1.2 430.539 nan
1.2 512 nan
1.2 608.874 nan
1.2 724.077 nan
1.2 861.078 nan
1.2 1024 nan
1.2 1217.75 nan
1.2 1448.15 nan
1.2 1722.16 nan
1.2 2048 nan
1.2 2435.5 nan
1.2 2896.31 nan
1.2 3444.31 nan

1.3 1.18921 16
1.3 1.41421 16
1.3 1.68179 16
1.3 2 16
1.3 2.37841 16
1.3 2.82843 16
1.3 3.36359 16
1.3 4 16
1.3 4.75683 16
1.3 5.65685 16
1.3 6.72717 16
1.3 8 16
1.3 9.51366 16
1.3 11.3137 42.2089
1.3 13.4543 114.337
1.3 16 308.173
1.3 19.0273 860.648
1.3 22.6274 2546.57
1.3 26.9087 nan
1.3 32 nan
1.3 38.0546 nan
1.3 45.2548 nan
1.3 53.8174 nan
1.3 64 nan
1.3 76.1093 nan
1.3 90.5097 nan
1.3 107.635 nan
1.3 128 nan
1.3 152.219 nan
1.3 181.019 nan
1.3 215.269 nan
1.3 256 nan
1.3 304.437 nan
1.3 362.039 nan
1.3 430.539 nan
1.3 512 nan
1.3 608.874 nan
1.3 724.077 nan
1.3 861.078 nan
1.3 1024 nan
1.3 1217.75 nan
1.3 1448.15 nan
1.3 1722.16 nan
1.3 2048 nan
1.3 2435.5 nan
1.3 2896.31 nan
1.3 3444.31 nan

1.4 1.18921 16
1.4 1.41421 16
1.4 1.68179 16
1.4 2 16
1.4 2.37841 16
1.4 2.82843 16
1.4 3.36359 16
1.4 4 16
1.4 4.75683 16
1.4 5.65685 16
1.4 6.72717 16
1.4 8 16
1.4 9.51366 16
1.4 11.3137 34.9068
1.4 13.4543 80.3143
1.4 16 179.555
1.4 19.0273 403.837
1.4 22.6274 921.812
1.4 26.9087 2154.96
1.4 32 nan
1.4 38.0546 nan
1.4 45.2548 nan
1.4 53.8174 nan
1.4 64 nan
1.4 76.1093 nan
1.4 90.5097 nan
1.4 107.635 nan
1.4 128 nan
1.4 152.219 nan
1.4 181.019 nan
1.4 215.269 nan
1.4 256 nan
1.4 304.437 nan
1.4 362.039 nan
1.4 430.539 nan
1.4 512 nan
1.4 608.874 nan
1.4 724.077 nan
1.4 861.078 nan
1.4 1024 nan
1.4 1217.75 nan
1.4 1448.15 nan
1.4 1722.16 nan
1.4 2048 nan
1.4 2435.5 nan
1.4 2896.31 nan
1.4 3444.31 nan

1.5 1.18921 8
1.5 1.41421 8
1.5 1.68179 8
1.5 2 8
1.5 2.37841 8
1.5 2.82843 8
1.5 3.36359 8
1.5 4 8
1.5 4.75683 8
1.5 5.65685 8
1.5 6.72717 8
1.5 8 8
1.5 9.51366 8
1.5 11.3137 29.5816
1.5 13.4543 61.1792
1.5 16 120.568
1.5 19.0273 236.02
1.5 22.6274 463.382
1.5 26.9087 915.705
1.5 32 1829.32
1.5 38.0546 3746.76
1.5 45.2548 nan
1.5 53.8174 nan
1.5 64 nan
1.5 76.1093 nan
1.5 90.5097 nan
1.5 107.635 nan
1.5 128 nan
1.5 152.219 nan
1.5 181.019 nan
1.5 215.269 nan
1.5 256 nan
1.5 304.437 nan
1.5 362.039 nan
1.5 430.539 nan
1.5 512 nan
1.5 608.874 nan
1.5 724.077 nan
1.5 861.078 nan
1.5 1024 nan
1.5 1217.75 nan
1.5 1448.15 nan
1.5 1722.16 nan
1.5 2048 nan
1.5 2435.5 nan
1.5 2896.31 nan
1.5 3444.31 nan

1.6 1.18921 8
1.6 1.41421 8
1.6 1.68179 8
1.6 2 8
1.6 2.37841 8
1.6 2.82843 8
1.6 3.36359 8
1.6 4 8
1.6 4.75683 8
1.6 5.65685 8
1.6 6.72717 8
1.6 8 8
1.6 9.51366 8
1.6 11.3137 25.5171
1.6 13.4543 48.9222
1.6 16 88.5122
1.6 19.0273 157.554
1.6 22.6274 279.204
1.6 26.9087 494.86
1.6 32 880.232
1.6 38.0546 1575.63
1.6 45.2548 2862.09
1.6 53.8174 nan
1.6 64 nan
1.6 76.1093 nan
1.6 90.5097 nan
1.6 107.635 nan
1.6 128 nan
1.6 152.219 nan
1.6 181.019 nan
1.6 215.269 nan
1.6 256 nan
1.6 304.437 nan
1.6 362.039 nan
1.6 430.539 nan
1.6 512 nan
1.6 608.874 nan
1.6 724.077 nan
1.6 861.078 nan
1.6 1024 nan
1.6 1217.75 nan
1.6 1448.15 nan
1.6 1722.16 nan
1.6 2048 nan
1.6 2435.5 nan
1.6 2896.31 nan
1.6 3444.31 nan

1.7 1.18921 8
1.7 1.41421 8
1.7 1.68179 8
1.7 2 8
1.7 2.37841 8
1.7 2.82843 8
1.7 3.36359 8
1.7 4 8
1.7 4.75683 8
1.7 5.65685 8
1.7 6.72717 8
1.7 8 8
1.7 9.51366 8
1.7 11.3137 22.643
1.7 13.4543 40.841
1.7 16 69.2102
1.7 19.0273 114.596
1.7 22.6274 188.621
1.7 26.9087 309.775
1.7 32 508.134
1.7 38.0546 835.407
1.7 45.2548 1378.65
1.7 53.8174 2287.18
1.7 64 3835.84
1.7 76.1093 nan
1.7 90.5097 nan
1.7 107.635 nan
1.7 128 nan
1.7 152.219 nan
1.7 181.019 nan
1.7 215.269 nan
1.7 256 nan
1.7 304.437 nan
1.7 362.039 nan
1.7 430.539 nan
1.7 512 nan
1.7 608.874 nan
1.7 724.077 nan
1.7 861.078 nan
1.7 1024 nan
1.7 1217.75 nan
1.7 1448.15 nan
1.7 1722.16 nan
1.7 2048 nan
1.7 2435.5 nan
1.7 2896.31 nan
1.7 3444.31 nan

1.8 1.18921 8
1.8 1.41421 8
1.8 1.68179 8
1.8 2 8
1.8 2.37841 8
1.8 2.82843 8
1.8 3.36359 8
1.8 4 8
1.8 4.75683 8
1.8 5.65685 8
1.8 6.72717 8
1.8 8 8
1.8 9.51366 8
1.8 11.3137 20.5085
1.8 13.4543 35.1919
1.8 16 56.2798
1.8 19.0273 88.4438
1.8 22.6274 137.883
1.8 26.9087 213.592
1.8 32 330.507
1.8 38.0546 510.682
1.8 45.2548 790.362
1.8 53.8174 1225.45
1.8 64 1901.17
1.8 76.1093 2999.15
1.8 90.5097 nan
1.8 107.635 nan
1.8 128 nan
1.8 152.219 nan
1.8 181.019 nan
1.8 215.269 nan
1.8 256 nan
1.8 304.437 nan
1.8 362.039 nan
1.8 430.539 nan
1.8 512 nan
1.8 608.874 nan
1.8 724.077 nan
1.8 861.078 nan
1.8 1024 nan
1.8 1217.75 nan
1.8 1448.15 nan
1.8 1722.16 nan
1.8 2048 nan
1.8 2435.5 nan
1.8 2896.31 nan
1.8 3444.31 nan

1.9 1.18921 8
1.9 1.41421 8
1.9 1.68179 8
1.9 2 8
1.9 2.37841 8
1.9 2.82843 8
1.9 3.36359 8
1.9 4 8
1.9 4.75683 8
1.9 5.65685 8
1.9 6.72717 8
1.9 8 8
1.9 9.51366 8
1.9 11.3137 18.8608
1.9 13.4543 30.8912
1.9 16 47.2423
1.9 19.0273 71.4443
1.9 22.6274 106.392
1.9 26.9087 157.82
1.9 32 233.256
1.9 38.0546 344.237
1.9 45.2548 507.363
1.9 53.8174 748.795
1.9 64 1104.97
1.9 76.1093 1636.2
1.9 90.5097 2439.92
1.9 107.635 3646.95
1.9 128 nan
1.9 152.219 nan
1.9 181.019 nan
1.9 215.269 nan
1.9 256 nan
1.9 304.437 nan
1.9 362.039 nan
1.9 430.539 nan
1.9 512 nan
1.9 608.874 nan
1.9 724.077 nan
1.9 861.078 nan
1.9 1024 nan
1.9 1217.75 nan
1.9 1448.15 nan
1.9 1722.16 nan
1.9 2048 nan
1.9 2435.5 nan
1.9 2896.31 nan
1.9 3444.31 nan

2 1.18921 8
2 1.41421 8
2 1.68179 8
2 2 8
2 2.37841 8
2 2.82843 8
2 3.36359 8
2 4 8
2 4.75683 8
2 5.65685 8
2 6.72717 8
2 8 8
2 9.51366 8
2 11.3137 17.5485
2 13.4543 27.2844
2 16 40.7585
2 19.0273 59.5204
2 22.6274 85.6138
2 26.9087 122.682
2 32 174.769
2 38.0546 248.673
2 45.2548 353.201
2 53.8174 501.137
2 64 711.921
2 76.1093 1009.33
2 90.5097 1439.91
2 107.635 2043.87
2 128 2959.71
2 152.219 nan
2 181.019 nan
2 215.269 nan
2 256 nan
2 304.437 nan
2 362.039 nan
2 430.539 nan
2 512 nan
2 608.874 nan
2 724.077 nan
2 861.078 nan
2 1024 nan
2 1217.75 nan
2 1448.15 nan
2 1722.16 nan
2 2048 nan
2 2435.5 nan
2 2896.31 nan
2 3444.31 nan

2.1 1.18921 8
2.1 1.41421 8
2.1 1.68179 8
2.1 2 8
2.1 2.37841 8
2.1 2.82843 8
2.1 3.36359 8
2.1 4 8
2.1 4.75683 8
2.1 5.65685 8
2.1 6.72717 8
2.1 8 8
2.1 9.51366 8
2.1 11.3137 16.476
2.1 13.4543 24.5475
2.1 16 35.9204
2.1 19.0273 50.716
2.1 22.6274 71.2176
2.1 26.9087 98.8834
2.1 32 137.102
2.1 38.0546 189.148
2.1 45.2548 260.834
2.1 53.8174 359.035
2.1 64 493.761
2.1 76.1093 679.889
2.1 90.5097 934.399
2.1 107.635 1290.39
2.1 128 1777.16
2.1 152.219 2475.43
2.1 181.019 3442.76
2.1 215.269 nan
2.1 256 nan
2.1 304.437 nan
2.1 362.039 nan
2.1 430.539 nan
2.1 512 nan
2.1 608.874 nan
2.1 724.077 nan
2.1 861.078 nan
2.1 1024 nan
2.1 1217.75 nan
2.1 1448.15 nan
2.1 1722.16 nan
2.1 2048 nan
2.1 2435.5 nan
2.1 2896.31 nan
2.1 3444.31 nan

2.2 1.18921 8
2.2 1.41421 8
2.2 1.68179 8
2.2 2 8
2.2 2.37841 8
2.2 2.82843 8
2.2 3.36359 8
2.2 4 8
2.2 4.75683 8
2.2 5.65685 8
2.2 6.72717 8
2.2 8 8
2.2 9.51366 8
2.2 11.3137 15.0005
2.2 13.4543 22.4061
2.2 16 32.1914
2.2 19.0273 44.1869
2.2 22.6274 60.646
2.2 26.9087 82.2218
2.2 32 111.172
2.2 38.0546 149.863
2.2 45.2548 201.425
2.2 53.8174 270.588
2.2 64 362.895
2.2 76.1093 486.275
2.2 90.5097 652.441
2.2 107.635 873.831
2.2 128 1173.91
2.2 152.219 1577.42
2.2 181.019 2117.68
2.2 215.269 2890.21
2.2 256 3890.6
2.2 304.437 nan
2.2 362.039 nan
2.2 430.539 nan
2.2 512 nan
2.2 608.874 nan
2.2 724.077 nan
2.2 861.078 nan
2.2 1024 nan
2.2 1217.75 nan
2.2 1448.15 nan
2.2 1722.16 nan
2.2 2048 nan
2.2 2435.5 nan
2.2 2896.31 nan
2.2 3444.31 nan

2.3 1.18921 8
2.3 1.41421 8
2.3 1.68179 8
2.3 2 8
2.3 2.37841 8
2.3 2.82843 8
2.3 3.36359 8
2.3 4 8
2.3 4.75683 8
2.3 5.65685 8
2.3 6.72717 8
2.3 8 8
2.3 9.51366 8
2.3 11.3137 13.5118
2.3 13.4543 20.6871
2.3 16 28.8756
2.3 19.0273 39.1878
2.3 22.6274 52.5162
2.3 26.9087 70.0753
2.3 32 92.6647
2.3 38.0546 122.514
2.3 45.2548 161.28
2.3 53.8174 212.05
2.3 64 278.646
2.3 76.1093 365.602
2.3 90.5097 479.301
2.3 107.635 629.2
2.3 128 824.638
2.3 152.219 1081.54
2.3 181.019 1424.28
2.3 215.269 1866.27
2.3 256 2482.66
2.3 304.437 3288.04
2.3 362.039 nan
2.3 430.539 nan
2.3 512 nan
2.3 608.874 nan
2.3 724.077 nan
2.3 861.078 nan
2.3 1024 nan
2.3 1217.75 nan
2.3 1448.15 nan
2.3 1722.16 nan
2.3 2048 nan
2.3 2435.5 nan
2.3 2896.31 nan
2.3 3444.31 nan

2.4 1.18921 8
2.4 1.41421 8
2.4 1.68179 8
2.4 2 8
2.4 2.37841 8
2.4 2.82843 8
2.4 3.36359 8
2.4 4 8
2.4 4.75683 8
2.4 5.65685 8
2.4 6.72717 8
2.4 8 8
2.4 9.51366 8.12014
2.4 11.3137 13.2019
2.4 13.4543 19.2773
2.4 16 26.2366
2.4 19.0273 35.2563
2.4 22.6274 46.2947
2.4 26.9087 60.7839
2.4 32 79.0462
2.4 38.0546 102.544
2.4 45.2548 132.923
2.4 53.8174 171.596
2.4 64 221.423
2.4 76.1093 285.556
2.4 90.5097 367.75
2.4 107.635 473.225
2.4 128 609.804
2.4 152.219 784.673
2.4 181.019 1008.09
2.4 215.269 1304.84
2.4 256 1680.2
2.4 304.437 2170.87
2.4 362.039 2843
2.4 430.539 3672.84
2.4 512 nan
2.4 608.874 nan
2.4 724.077 nan
2.4 861.078 nan
2.4 1024 nan
2.4 1217.75 nan
2.4 1448.15 nan
2.4 1722.16 nan
2.4 2048 nan
2.4 2435.5 nan
2.4 2896.31 nan
2.4 3444.31 nan

2.5 1.18921 8
2.5 1.41421 8
2.5 1.68179 8
2.5 2 8
2.5 2.37841 8
2.5 2.82843 8
2.5 3.36359 8
2.5 4 8
2.5 4.75683 8
2.5 5.65685 8
2.5 6.72717 8
2.5 8 8
2.5 9.51366 8.03522
2.5 11.3137 12.4609
2.5 13.4543 18.0997
2.5 16 24.1063
2.5 19.0273 32.0932
2.5 22.6274 41.4091
2.5 26.9087 53.4232
2.5 32 68.709
2.5 38.0546 87.6954
2.5 45.2548 111.906
2.5 53.8174 142.53
2.5 64 181.052
2.5 76.1093 229.897
2.5 90.5097 291.759
2.5 107.635 369.784
2.5 128 468.307
2.5 152.219 593.952
2.5 181.019 752.398
2.5 215.269 951.455
2.5 256 1210.62
2.5 304.437 1536.47
2.5 362.039 1941.91
2.5 430.539 2504.11
2.5 512 3202.14
2.5 608.874 4051.47
2.5 724.077 nan
2.5 861.078 nan
2.5 1024 nan
2.5 1217.75 nan
2.5 1448.15 nan
2.5 1722.16 nan
2.5 2048 nan
2.5 2435.5 nan
2.5 2896.31 nan
2.5 3444.31 nan

2.6 1.18921 8
2.6 1.41421 8
2.6 1.68179 8
2.6 2 8
2.6 2.37841 8
2.6 2.82843 8
2.6 3.36359 8
2.6 4 8
2.6 4.75683 8
2.6 5.65685 8
2.6 6.72717 8
2.6 8 8
2.6 9.51366 8
2.6 11.3137 11.8481
2.6 13.4543 17.1004
2.6 16 22.3532
2.6 19.0273 29.2181
2.6 22.6274 37.4869
2.6 26.9087 47.6329
2.6 32 60.5201
2.6 38.0546 76.3346
2.6 45.2548 96.0459
2.6 53.8174 120.828
2.6 64 151.577
2.6 76.1093 189.879
2.6 90.5097 237.78
2.6 107.635 297.621
2.6 128 372.055
2.6 152.219 464.743
2.6 181.019 581.431
2.6 215.269 726.727
2.6 256 906.587
2.6 304.437 1135.94
2.6 362.039 1424.63
2.6 430.539 1777.65
2.6 512 2239.37
2.6 608.874 2845.65
2.6 724.077 3566.53
2.6 861.078 nan
2.6 1024 nan
2.6 1217.75 nan
2.6 1448.15 nan
2.6 1722.16 nan
2.6 2048 nan
2.6 2435.5 nan
2.6 2896.31 nan
2.6 3444.31 nan

2.7 1.18921 8
2.7 1.41421 8
2.7 1.68179 8
2.7 2 8
2.7 2.37841 8
2.7 2.82843 8
2.7 3.36359 8
2.7 4 8
2.7 4.75683 8
2.7 5.65685 8
2.7 6.72717 8
2.7 8 8
2.7 9.51366 8
2.7 11.3137 11.3314
2.7 13.4543 16.2407
2.7 16 20.8865
2.7 19.0273 26.8597
2.7 22.6274 34.2777
2.7 26.9087 42.9811
2.7 32 53.8891
2.7 38.0546 67.426
2.7 45.2548 83.8079
2.7 53.8174 104.147
2.7 64 129.386
2.7 76.1093 160.222
2.7 90.5097 198.297
2.7 107.635 245.349
2.7 128 303.461
2.7 152.219 374.865
2.7 181.019 462.712
2.7 215.269 572.12
2.7 256 706.926
2.7 304.437 871.633
2.7 362.039 1076.96
2.7 430.539 1337.74
2.7 512 1651.51
2.7 608.874 2031.74
2.7 724.077 2571.06
2.7 861.078 3202.47
2.7 1024 3945.91
2.7 1217.75 nan
2.7 1448.15 nan
2.7 1722.16 nan
2.7 2048 nan
2.7 2435.5 nan
2.7 2896.31 nan
2.7 3444.31 nan

2.8 1.18921 8
2.8 1.41421 8
2.8 1.68179 8
2.8 2 8
2.8 2.37841 8
2.8 2.82843 8
2.8 3.36359 8
2.8 4 8
2.8 4.75683 8
2.8 5.65685 8
2.8 6.72717 8
2.8 8 8
2.8 9.51366 8
2.8 11.3137 10.8885
2.8 13.4543 15.28
2.8 16 19.6415
2.8 19.0273 24.9005
2.8 22.6274 31.5666
2.8 26.9087 39.1752
2.8 32 48.5485
2.8 38.0546 60.1603
2.8 45.2548 74.1476
2.8 53.8174 91.1639
2.8 64 112.065
2.8 76.1093 137.619
2.8 90.5097 168.626
2.8 107.635 206.519
2.8 128 252.86
2.8 152.219 309.569
2.8 181.019 378.49
2.8 215.269 462.397
2.8 256 565.998
2.8 304.437 692.533
2.8 362.039 845.354
2.8 430.539 1031.14
2.8 512 1271.18
2.8 608.874 1555.66
2.8 724.077 1895.62
2.8 861.078 2357.81
2.8 1024 2927.69
2.8 1217.75 3585.22
2.8 1448.15 nan
2.8 1722.16 nan
2.8 2048 nan
2.8 2435.5 nan
2.8 2896.31 nan
2.8 3444.31 nan

2.9 1.18921 8
2.9 1.41421 8
2.9 1.68179 8
2.9 2 8
2.9 2.37841 8
2.9 2.82843 8
2.9 3.36359 8
2.9 4 8
2.9 4.75683 8
2.9 5.65685 8
2.9 6.72717 8
2.9 8 8
2.9 9.51366 8
2.9 11.3137 10.5033
2.9 13.4543 14.3901
2.9 16 18.5712
2.9 19.0273 23.2492
2.9 22.6274 29.1043
2.9 26.9087 36.0107
2.9 32 44.172
2.9 38.0546 54.1778
2.9 45.2548 66.3668
2.9 53.8174 80.8448
2.9 64 98.455
2.9 76.1093 119.884
2.9 90.5097 145.751
2.9 107.635 176.959
2.9 128 214.754
2.9 152.219 260.594
2.9 181.019 316.229
2.9 215.269 383.205
2.9 256 464.009
2.9 304.437 563.149
2.9 362.039 683.328
2.9 430.539 826.988
2.9 512 999.425
2.9 608.874 1221.98
2.9 724.077 1484.98
2.9 861.078 1795.22
2.9 1024 2193.14
2.9 1217.75 2722.29
2.9 1448.15 3321.58
2.9 1722.16 4009.25
2.9 2048 nan
2.9 2435.5 nan
2.9 2896.31 nan
2.9 3444.31 nan

3.02839 1.18921 8
3.02839 1.41421 8
3.02839 1.68179 8
3.02839 2 8
3.02839 2.37841 8
3.02839 2.82843 8
3.02839 3.36359 8
3.02839 4 8
3.02839 4.75683 8
3.02839 5.65685 8
3.02839 6.72717 8
3.02839 8 8
3.02839 9.51366 8
3.02839 11.3137 10.0752
3.02839 13.4543 13.4469
3.02839 16 17.3982
3.02839 19.0273 21.476
3.02839 22.6274 26.5082
3.02839 26.9087 32.6584
3.02839 32 39.6057
3.02839 38.0546 48.0244
3.02839 45.2548 58.2283
3.02839 53.8174 70.4003
3.02839 64 84.862
3.02839 76.1093 102.27
3.02839 90.5097 123.232
3.02839 107.635 148.301
3.02839 128 178.287
3.02839 152.219 214.236
3.02839 181.019 257.392
3.02839 215.269 309.528
3.02839 256 371.612
3.02839 304.437 445.74
3.02839 362.039 535.364
3.02839 430.539 644.677
3.02839 512 773.647
3.02839 608.874 926.62
3.02839 724.077 1118.21
3.02839 861.078 1353.07
3.02839 1024 1625.13
3.02839 1217.75 1943.38
3.02839 1448.15 2394.76
3.02839 1722.16 2932.79
3.02839 2048 3534.68
3.02839 2435.5 nan
3.02839 2896.31 nan
3.02839 3444.31 nan

3.16247 1.18921 8
3.16247 1.41421 8
3.16247 1.68179 8
3.16247 2 8
3.16247 2.37841 8
3.16247 2.82843 8
3.16247 3.36359 8
3.16247 4 8
3.16247 4.75683 8
3.16247 5.65685 8
3.16247 6.72717 8
3.16247 8 8
3.16247 9.51366 8
3.16247 11.3137 9.69064
3.16247 13.4543 12.6401
3.16247 16 16.3614
3.16247 19.0273 19.9425
3.16247 22.6274 24.3059
3.16247 26.9087 29.623
3.16247 32 35.7716
3.16247 38.0546 42.9364
3.16247 45.2548 51.5305
3.16247 53.8174 61.8413
3.16247 64 73.949
3.16247 76.1093 88.3228
3.16247 90.5097 105.467
3.16247 107.635 125.924
3.16247 128 150.245
3.16247 152.219 179.103
3.16247 181.019 213.4
3.16247 215.269 254.2
3.16247 256 303.412
3.16247 304.437 361.485
3.16247 362.039 430.192
3.16247 430.539 511.666
3.16247 512 612.884
3.16247 608.874 730.828
3.16247 724.077 869.163
3.16247 861.078 1033.47
3.16247 1024 1250.03
3.16247 1217.75 1496.48
3.16247 1448.15 1780.03
3.16247 1722.16 2132.15
3.16247 2048 2638.08
3.16247 2435.5 3192.98
3.16247 2896.31 3807.61
3.16247 3444.31 nan

3.30249 1.18921 4
3.30249 1.41421 4
3.30249 1.68179 4
3.30249 2 4
3.30249 2.37841 4
3.30249 2.82843 4
3.30249 3.36359 4
3.30249 4 4
3.30249 4.75683 4
3.30249 5.65685 4
3.30249 6.72717 4
3.30249 8 4
3.30249 9.51366 4
3.30249 11.3137 9.34202
3.30249 13.4543 11.9414
3.30249 16 15.2638
3.30249 19.0273 18.6037
3.30249 22.6274 22.4182
3.30249 26.9087 27.0136
3.30249 32 32.5123
3.30249 38.0546 38.6759
3.30249 45.2548 46.0002
3.30249 53.8174 54.7067
3.30249 64 65.0402
3.30249 76.1093 77.0969
3.30249 90.5097 91.3527
3.30249 107.635 108.221
3.30249 128 128.193
3.30249 152.219 151.889
3.30249 181.019 179.792
3.30249 215.269 212.707
3.30249 256 251.579
3.30249 304.437 298.495
3.30249 362.039 353.499
3.30249 430.539 418.059
3.30249 512 494.052
3.30249 608.874 588.422
3.30249 724.077 698.769
3.30249 861.078 826.83
3.30249 1024 976.405
3.30249 1217.75 1173.54
3.30249 1448.15 1405.19
3.30249 1722.16 1667.55
3.30249 2048 1968.05
3.30249 2435.5 2425.74
3.30249 2896.31 2962.95
3.30249 3444.31 3548.07

3.4487 1.18921 4
3.4487 1.41421 4
3.4487 1.68179 4
3.4487 2 4
3.4487 2.37841 4
3.4487 2.82843 4
3.4487 3.36359 4
3.4487 4 4
3.4487 4.75683 4
3.4487 5.65685 4
3.4487 6.72717 4
3.4487 8 4
3.4487 9.51366 4
3.4487 11.3137 9.02345
3.4487 13.4543 11.3298
3.4487 16 14.2252
3.4487 19.0273 17.4242
3.4487 22.6274 20.7843
3.4487 26.9087 24.7909
3.4487 32 29.5689
3.4487 38.0546 35.0634
3.4487 45.2548 41.376
3.4487 53.8174 48.8182
3.4487 64 57.5948
3.4487 76.1093 67.9083
3.4487 90.5097 79.9556
3.4487 107.635 94.1039
3.4487 128 110.733
3.4487 152.219 130.321
3.4487 181.019 153.56
3.4487 215.269 180.749
3.4487 256 212.623
3.4487 304.437 250.043
3.4487 362.039 295.403
3.4487 430.539 348.336
3.4487 512 410.045
3.4487 608.874 482.24
3.4487 724.077 571.978
3.4487 861.078 677.989
3.4487 1024 799.826
3.4487 1217.75 940.94
3.4487 1448.15 1123.43
3.4487 1722.16 1349.51
3.4487 2048 1602.36
3.4487 2435.5 1888.17
3.4487 2896.31 2298.09
3.4487 3444.31 2837.92

3.60139 1.18921 4
3.60139 1.41421 4
3.60139 1.68179 4
3.60139 2 4
3.60139 2.37841 4
3.60139 2.82843 4
3.60139 3.36359 4
3.60139 4 4
3.60139 4.75683 4
3.60139 5.65685 4
3.60139 6.72717 4
3.60139 8 4
3.60139 9.51366 4
3.60139 11.3137 8.73021
3.60139 13.4543 10.789
3.60139 16 13.3329
3.60139 19.0273 16.3754
3.60139 22.6274 19.3566
3.60139 26.9087 22.8787
3.60139 32 27.0405
3.60139 38.0546 31.9587
3.60139 45.2548 37.4605
3.60139 53.8174 43.8969
3.60139 64 51.4329
3.60139 76.1093 60.259
3.60139 90.5097 70.5959
3.60139 107.635 82.662
3.60139 128 96.7527
3.60139 152.219 113.222
3.60139 181.019 132.6
3.60139 215.269 155.61
3.60139 256 182.389
3.60139 304.437 213.631
3.60139 362.039 250.14
3.60139 430.539 294.817
3.60139 512 346.737
3.60139 608.874 406.925
3.60139 724.077 477.002
3.60139 861.078 564.642
3.60139 1024 669.438
3.60139 1217.75 788.897
3.60139 1448.15 926.24
3.60139 1722.16 1102.21
3.60139 2048 1330.3
3.60139 2435.5 1583.69
3.60139 2896.31 1867.41
3.60139 3444.31 2267.34

3.76083 1.18921 4
3.76083 1.41421 4
3.76083 1.68179 4
3.76083 2 4
3.76083 2.37841 4
3.76083 2.82843 4
3.76083 3.36359 4
3.76083 4 4
3.76083 4.75683 4
3.76083 5.65685 4
3.76083 6.72717 4
3.76083 8 4
3.76083 9.51366 4
3.76083 11.3137 8.45847
3.76083 13.4543 10.3066
3.76083 16 12.5581
3.76083 19.0273 15.3011
3.76083 22.6274 18.0975
3.76083 26.9087 21.218
3.76083 32 24.875
3.76083 38.0546 29.1614
3.76083 45.2548 34.1016
3.76083 53.8174 39.7316
3.76083 64 46.282
3.76083 76.1093 53.9065
3.76083 90.5097 62.7839
3.76083 107.635 73.23
3.76083 128 85.3771
3.76083 152.219 99.4997
3.76083 181.019 115.935
3.76083 215.269 135.358
3.76083 256 158.425
3.76083 304.437 185.163
3.76083 362.039 216.246
3.76083 430.539 252.45
3.76083 512 297.524
3.76083 608.874 349.556
3.76083 724.077 409.606
3.76083 861.078 479.268
3.76083 1024 568.041
3.76083 1217.75 674.601
3.76083 1448.15 795.39
3.76083 1722.16 933.461
3.76083 2048 1114.56
3.76083 2435.5 1350.72
3.76083 2896.31 1613.04
3.76083 3444.31 1905.68

3.92734 1.18921 4
3.92734 1.41421 4
3.92734 1.68179 4
3.92734 2 4
3.92734 2.37841 4
3.92734 2.82843 4
3.92734 3.36359 4
3.92734 4 4
3.92734 4.75683 4
3.92734 5.65685 4
3.92734 6.72717 4
3.92734 8 4
3.92734 9.51366 4
3.92734 11.3137 8.20504
3.92734 13.4543 9.87262
3.92734 16 11.8787
3.92734 19.0273 14.292
3.92734 22.6274 16.9764
3.92734 26.9087 19.7618
3.92734 32 23.0023
3.92734 38.0546 26.7729
3.92734 45.2548 31.1609
3.92734 53.8174 36.1594
3.92734 64 41.9211
3.92734 76.1093 48.5921
3.92734 90.5097 56.3195
3.92734 107.635 65.3095
3.92734 128 75.9625
3.92734 152.219 88.2881
3.92734 181.019 102.572
3.92734 215.269 119.141
3.92734 256 138.972
3.92734 304.437 162.442
3.92734 362.039 189.572
3.92734 430.539 221.037
3.92734 512 257.789
3.92734 608.874 304.463
3.92734 724.077 357.8
3.92734 861.078 419.165
3.92734 1024 490.173
3.92734 1217.75 584.303
3.92734 1448.15 695.447
3.92734 1722.16 821.165
3.92734 2048 964.383
3.92734 2435.5 1165.26
3.92734 2896.31 1414.48
3.92734 3444.31 1692.65

4.10122 1.18921 4
4.10122 1.41421 4
4.10122 1.68179 4
4.10122 2 4
4.10122 2.37841 4
4.10122 2.82843 4
4.10122 3.36359 4
4.10122 4 4
4.10122 4.75683 4
4.10122 5.65685 4
4.10122 6.72717 4
4.10122 8 4
4.10122 9.51366 4
4.10122 11.3137 7.82411
4.10122 13.4543 9.47924
4.10122 16 11.2777
4.10122 19.0273 13.417
4.10122 22.6274 15.9619
4.10122 26.9087 18.4725
4.10122 32 21.3672
4.10122 38.0546 24.7138
4.10122 45.2548 28.5837
4.10122 53.8174 33.0519
4.10122 64 38.1796
4.10122 76.1093 44.0895
4.10122 90.5097 50.9058
4.10122 107.635 58.7711
4.10122 128 68.0267
4.10122 152.219 78.9738
4.10122 181.019 91.6113
4.10122 215.269 106.226
4.10122 256 123.146
4.10122 304.437 143.88
4.10122 362.039 168.159
4.10122 430.539 196.18
4.10122 512 228.64
4.10122 608.874 267.732
4.10122 724.077 316.727
4.10122 861.078 372.64
4.10122 1024 436.864
4.10122 1217.75 511.073
4.10122 1448.15 615.709
4.10122 1722.16 734.118
4.10122 2048 868.253
4.10122 2435.5 1021.01
4.10122 2896.31 1256.65
4.10122 3444.31 1523.44

4.2828 1.18921 4
4.2828 1.41421 4
4.2828 1.68179 4
4.2828 2 4
4.2828 2.37841 4
4.2828 2.82843 4
4.2828 3.36359 4
4.2828 4 4
4.2828 4.75683 4
4.2828 5.65685 4
4.2828 6.72717 4
4.2828 8 4
4.2828 9.51366 4
4.2828 11.3137 6.87382
4.2828 13.4543 9.11997
4.2828 16 10.7416
4.2828 19.0273 12.6512
4.2828 22.6274 14.9001
4.2828 26.9087 17.3192
4.2828 32 19.9255
4.2828 38.0546 22.9218
4.2828 45.2548 26.3672
4.2828 53.8174 30.3297
4.2828 64 34.9234
4.2828 76.1093 40.2233
4.2828 90.5097 46.3142
4.2828 107.635 53.3193
4.2828 128 61.3795
4.2828 152.219 71.097
4.2828 181.019 82.4756
4.2828 215.269 95.5968
4.2828 256 110.756
4.2828 304.437 128.323
4.2828 362.039 150.589
4.2828 430.539 176.146
4.2828 512 205.629
4.2828 608.874 239.777
4.2828 724.077 283.106
4.2828 861.078 335.509
4.2828 1024 395.36
4.2828 1217.75 464.101
4.2828 1448.15 551.208
4.2828 1722.16 664.141
4.2828 2048 792.41
4.2828 2435.5 938.341
4.2828 2896.31 1132.76
4.2828 3444.31 1387.57

4.47241 1.18921 4
4.47241 1.41421 4
4.47241 1.68179 4
4.47241 2 4
4.47241 2.37841 4
4.47241 2.82843 4
4.47241 3.36359 4
4.47241 4 4
4.47241 4.75683 4
4.47241 5.65685 4
4.47241 6.72717 4
4.47241 8 4
4.47241 9.51366 4
4.47241 11.3137 6.25593
4.47241 13.4543 8.78949
4.47241 16 10.2597
4.47241 19.0273 11.9754
4.47241 22.6274 13.9778
4.47241 26.9087 16.2762
4.47241 32 18.6411
4.47241 38.0546 21.3465
4.47241 45.2548 24.4426
4.47241 53.8174 27.9866
4.47241 64 32.0455
4.47241 76.1093 36.8558
4.47241 90.5097 42.3674
4.47241 107.635 48.69
4.47241 128 55.9482
4.47241 152.219 64.3098
4.47241 181.019 74.7328
4.47241 215.269 86.7157
4.47241 256 100.533
4.47241 304.437 116.498
4.47241 362.039 135.835
4.47241 430.539 159.67
4.47241 512 187.045
4.47241 608.874 218.64
4.47241 724.077 255.26
4.47241 861.078 305.026
4.47241 1024 361.992
4.47241 1217.75 427.236
4.47241 1448.15 502.286
4.47241 1722.16 607.537
4.47241 2048 730.634
4.47241 2435.5 871.33
4.47241 2896.31 1034.99
4.47241 3444.31 1277.95

4.67042 1.18921 4
4.67042 1.41421 4
4.67042 1.68179 4
4.67042 2 4
4.67042 2.37841 4
4.67042 2.82843 4
4.67042 3.36359 4
4.67042 4 4
4.67042 4.75683 4
4.67042 5.65685 4
4.67042 6.72717 4
4.67042 8 4
4.67042 9.51366 4
4.67042 11.3137 5.82701
4.67042 13.4543 8.48333
4.67042 16 9.82324
4.67042 19.0273 11.3743
4.67042 22.6274 13.1699
4.67042 26.9087 15.2489
4.67042 32 17.4837
4.67042 38.0546 19.9471
4.67042 45.2548 22.7547
4.67042 53.8174 25.9558
4.67042 64 29.6063
4.67042 76.1093 33.8785
4.67042 90.5097 38.9273
4.67042 107.635 44.707
4.67042 128 51.3314
4.67042 152.219 58.9297
4.67042 181.019 68.0585
4.67042 215.269 79.1825
4.67042 256 91.9807
4.67042 304.437 106.751
4.67042 362.039 123.835
4.67042 430.539 145.834
4.67042 512 171.742
4.67042 608.874 201.55
4.67042 724.077 236
4.67042 861.078 279.754
4.67042 1024 334.445
4.67042 1217.75 397.207
4.67042 1448.15 469.391
4.67042 1722.16 562.011
4.67042 2048 679.895
4.67042 2435.5 815.349
4.67042 2896.31 971.067
4.67042 3444.31 1187.44

4.8772 1.18921 4
4.8772 1.41421 4
4.8772 1.68179 4
4.8772 2 4
4.8772 2.37841 4
4.8772 2.82843 4
4.8772 3.36359 4
4.8772 4 4
4.8772 4.75683 4
4.8772 5.65685 4
4.8772 6.72717 4
4.8772 8 4
4.8772 9.51366 4
4.8772 11.3137 5.51483
4.8772 13.4543 8.19762
4.8772 16 9.42497
4.8772 19.0273 10.8355
4.8772 22.6274 12.4567
4.8772 26.9087 14.3203
4.8772 32 16.428
4.8772 38.0546 18.6896
4.8772 45.2548 21.2585
4.8772 53.8174 24.1779
4.8772 64 27.4968
4.8772 76.1093 31.2707
4.8772 90.5097 35.8858
4.8772 107.635 41.2338
4.8772 128 47.3566
4.8772 152.219 54.3748
4.8772 181.019 62.4259
4.8772 215.269 72.6971
4.8772 256 84.7313
4.8772 304.437 98.5984
4.8772 362.039 114.628
4.8772 430.539 134.043
4.8772 512 158.885
4.8772 608.874 187.441
4.8772 724.077 220.382
4.8772 861.078 259.011
4.8772 1024 311.521
4.8772 1217.75 372.073
4.8772 1448.15 441.946
4.8772 1722.16 524.951
4.8772 2048 637.832
4.8772 2435.5 767.96
4.8772 2896.31 918.068
4.8772 3444.31 1110.36

5.09313 1.18921 4
5.09313 1.41421 4
5.09313 1.68179 4
5.09313 2 4
5.09313 2.37841 4
5.09313 2.82843 4
5.09313 3.36359 4
5.09313 4 4
5.09313 4.75683 4
5.09313 5.65685 4
5.09313 6.72717 4
5.09313 8 4
5.09313 9.51366 4
5.09313 11.3137 5.27932
5.09313 13.4543 7.79398
5.09313 16 9.05873
5.09313 19.0273 10.3488
5.09313 22.6274 11.8221
5.09313 26.9087 13.505
5.09313 32 15.4272
5.09313 38.0546 17.5454
5.09313 45.2548 19.9166
5.09313 53.8174 22.6044
5.09313 64 25.6527
5.09313 76.1093 29.111
5.09313 90.5097 33.1591
5.09313 107.635 38.1651
5.09313 128 43.891
5.09313 152.219 50.4527
5.09313 181.019 57.9816
5.09313 215.269 67.0371
5.09313 256 78.5054
5.09313 304.437 91.6993
5.09313 362.039 106.936
5.09313 430.539 124.587
5.09313 512 147.943
5.09313 608.874 175.53
5.09313 724.077 207.377
5.09313 861.078 244.241
5.09313 1024 292.499
5.09313 1217.75 350.82
5.09313 1448.15 418.4
5.09313 1722.16 496.781
5.09313 2048 602.16
5.09313 2435.5 727.213
5.09313 2896.31 871.694
5.09313 3444.31 1042.97

5.31862 1.18921 2
5.31862 1.41421 2
5.31862 1.68179 2
5.31862 2 2
5.31862 2.37841 2
5.31862 2.82843 2
5.31862 3.36359 2
5.31862 4 2
5.31862 4.75683 2
5.31862 5.65685 2
5.31862 6.72717 2
5.31862 8 2
5.31862 9.51366 2
5.31862 11.3137 5.09656
5.31862 13.4543 7.16109
5.31862 16 8.71912
5.31862 19.0273 9.90568
5.31862 22.6274 11.2531
5.31862 26.9087 12.7835
5.31862 32 14.5218
5.31862 38.0546 16.4901
5.31862 45.2548 18.6977
5.31862 53.8174 21.1952
5.31862 64 24.0228
5.31862 76.1093 27.2257
5.31862 90.5097 30.8546
5.31862 107.635 35.4208
5.31862 128 40.8341
5.31862 152.219 47.0365
5.31862 181.019 54.1566
5.31862 215.269 62.3408
5.31862 256 73.0924
5.31862 304.437 85.7868
5.31862 362.039 100.435
5.31862 430.539 117.395
5.31862 512 138.637
5.31862 608.874 165.338
5.31862 724.077 196.257
5.31862 861.078 232.114
5.31862 1024 276.608
5.31862 1217.75 332.728
5.31862 1448.15 397.948
5.31862 1722.16 473.825
5.31862 2048 571.093
5.31862 2435.5 691.487
5.31862 2896.31 830.648
5.31862 3444.31 991.773

5.5541 1.18921 2
5.5541 1.41421 2
5.5541 1.68179 2
5.5541 2 2
5.5541 2.37841 2
5.5541 2.82843 2
5.5541 3.36359 2
5.5541 4 2
5.5541 4.75683 2
5.5541 5.65685 2
5.5541 6.72717 2
5.5541 8 2
5.5541 9.51366 2
5.5541 11.3137 4.95144
5.5541 13.4543 6.68067
5.5541 16 8.40117
5.5541 19.0273 9.49861
5.5541 22.6274 10.7386
5.5541 26.9087 12.1401
5.5541 32 13.7242
5.5541 38.0546 15.5149
5.5541 45.2548 17.5757
5.5541 53.8174 19.9171
5.5541 64 22.5651
5.5541 76.1093 25.562
5.5541 90.5097 28.9551
5.5541 107.635 32.9424
5.5541 128 38.1111
5.5541 152.219 44.0319
5.5541 181.019 50.8322
5.5541 215.269 58.6576
5.5541 256 68.3519
5.5541 304.437 80.657
5.5541 362.039 94.8623
5.5541 430.539 111.309
5.5541 512 130.795
5.5541 608.874 156.598
5.5541 724.077 186.597
5.5541 861.078 221.502
5.5541 1024 263.035
5.5541 1217.75 317.093
5.5541 1448.15 380.001
5.5541 1722.16 453.308
5.5541 2048 543.453
5.5541 2435.5 659.61
5.5541 2896.31 793.877
5.5541 3444.31 949.318

5.8 1.18921 4
5.8 1.41421 4
5.8 1.68179 4
5.8 2 4
5.8 2.37841 4
5.8 2.82843 4
5.8 3.36359 4
5.8 4 4
5.8 4.75683 4
5.8 5.65685 4
5.8 6.72717 4
5.8 8 4
5.8 9.51366 4
5.8 11.3137 4.83394
5.8 13.4543 6.30591
5.8 16 8.10016
5.8 19.0273 9.12089
5.8 22.6274 10.2693
5.8 26.9087 11.5616
5.8 32 13.0163
5.8 38.0546 14.6538
5.8 45.2548 16.5294
5.8 53.8174 18.7433
5.8 64 21.2454
5.8 76.1093 24.0764
5.8 90.5097 27.2817
5.8 107.635 30.9122
5.8 128 35.6662
5.8 152.219 41.3685
5.8 181.019 47.9207
5.8 215.269 55.4686
5.8 256 64.2137
5.8 304.437 76.1769
5.8 362.039 90.0167
5.8 430.539 106.059
5.8 512 124.696
5.8 608.874 149.111
5.8 724.077 178.159
5.8 861.078 212.066
5.8 1024 251.682
5.8 1217.75 303.295
5.8 1448.15 364.031
5.8 1722.16 434.847
5.8 2048 518.499
5.8 2435.5 630.799
5.8 2896.31 760.594
5.8 3444.31 910.812

6.05679 1.18921 4
6.05679 1.41421 4
6.05679 1.68179 4
6.05679 2 4
6.05679 2.37841 4
6.05679 2.82843 4
6.05679 3.36359 4
6.05679 4 4
6.05679 4.75683 4
6.05679 5.65685 4
6.05679 6.72717 4
6.05679 8 4
6.05679 9.51366 4
6.05679 11.3137 4.73727
6.05679 13.4543 6.007
6.05679 16 7.61687
6.05679 19.0273 8.76636
6.05679 22.6274 9.83675
6.05679 26.9087 11.037
6.05679 32 12.3833
6.05679 38.0546 13.8935
6.05679 45.2548 15.5878
6.05679 53.8174 17.6531
6.05679 64 20.0362
6.05679 76.1093 22.7328
6.05679 90.5097 25.7871
6.05679 107.635 29.2491
6.05679 128 33.4492
6.05679 152.219 38.9823
6.05679 181.019 45.3443
6.05679 215.269 52.6799
6.05679 256 61.1576
6.05679 304.437 72.2595
6.05679 362.039 85.7529
6.05679 430.539 101.434
6.05679 512 119.685
6.05679 608.874 142.651
6.05679 724.077 170.751
6.05679 861.078 203.626
6.05679 1024 242.125
6.05679 1217.75 290.893
6.05679 1448.15 349.624
6.05679 1722.16 418.102
6.05679 2048 498.093
6.05679 2435.5 604.518
6.05679 2896.31 730.223
6.05679 3444.31 875.657

