# T0 = 3
# mxlib uncomp [dev]: 15c346a9a22d5b28a2224372f9d9f720bd775978
# mxlib comp [dev]: 38139e97f9e4c035fd45e2571fd22f6c821a6b80
# pointingEnv [main]: dbe98ccca0a517a97e5f48e28d1e0b1e2e597f0d
1 1.18921 8
1 1.41421 8
1 1.68179 8
1 2 8
1 2.37841 8
1 2.82843 8
1 3.36359 8
1 4 8
1 4.75683 8
1 5.65685 8
1 6.72717 8
1 8 8
1 9.51366 8
1 11.3137 117.518
1 13.4543 1312.68
1 16 nan
1 19.0273 nan
1 22.6274 nan
1 26.9087 nan
1 32 nan
1 38.0546 nan
1 45.2548 nan
1 53.8174 nan
1 64 nan
1 76.1093 nan
1 90.5097 nan
1 107.635 nan
1 128 nan
1 152.219 nan
1 181.019 nan
1 215.269 nan
1 256 nan
1 304.437 nan
1 362.039 nan
1 430.539 nan
1 512 nan
1 608.874 nan
1 724.077 nan
1 861.078 nan
1 1024 nan
1 1217.75 nan
1 1448.15 nan
1 1722.16 nan
1 2048 nan
1 2435.5 nan
1 2896.31 nan
1 3444.31 nan

1.1 1.18921 16
1.1 1.41421 16
1.1 1.68179 16
1.1 2 16
1.1 2.37841 16
1.1 2.82843 16
1.1 3.36359 16
1.1 4 16
1.1 4.75683 16
1.1 5.65685 16
1.1 6.72717 16
1.1 8 16
1.1 9.51366 16
1.1 11.3137 74.8768
1.1 13.4543 380.518
1.1 16 2468.7
1.1 19.0273 nan
1.1 22.6274 nan
1.1 26.9087 nan
1.1 32 nan
1.1 38.0546 nan
1.1 45.2548 nan
1.1 53.8174 nan
1.1 64 nan
1.1 76.1093 nan
1.1 90.5097 nan
1.1 107.635 nan
1.1 128 nan
1.1 152.219 nan
1.1 181.019 nan
1.1 215.269 nan
1.1 256 nan
1.1 304.437 nan
1.1 362.039 nan
1.1 430.539 nan
1.1 512 nan
1.1 608.874 nan
1.1 724.077 nan
1.1 861.078 nan
1.1 1024 nan
1.1 1217.75 nan
1.1 1448.15 nan
1.1 1722.16 nan
1.1 2048 nan
1.1 2435.5 nan
1.1 2896.31 nan
1.1 3444.31 nan

1.2 1.18921 16
1.2 1.41421 16
1.2 1.68179 16
1.2 2 16
1.2 2.37841 16
1.2 2.82843 16
1.2 3.36359 16
1.2 4 16
1.2 4.75683 16
1.2 5.65685 16
1.2 6.72717 16
1.2 8 16
1.2 9.51366 16
1.2 11.3137 54.0177
1.2 13.4543 185.442
1.2 16 675.655
1.2 19.0273 2707.68
1.2 22.6274 nan
1.2 26.9087 nan
1.2 32 nan
1.2 38.0546 nan
1.2 45.2548 nan
1.2 53.8174 nan
1.2 64 nan
1.2 76.1093 nan
1.2 90.5097 nan
1.2 107.635 nan
1.2 128 nan
1.2 152.219 nan
1.2 181.019 nan
1.2 215.269 nan
1.2 256 nan
1.2 304.437 nan
1.2 362.039 nan
1.2 430.539 nan
1.2 512 nan
1.2 608.874 nan
1.2 724.077 nan
1.2 861.078 nan
1.2 1024 nan
1.2 1217.75 nan
1.2 1448.15 nan
1.2 1722.16 nan
1.2 2048 nan
1.2 2435.5 nan
1.2 2896.31 nan
1.2 3444.31 nan

1.3 1.18921 16
1.3 1.41421 16
1.3 1.68179 16
1.3 2 16
1.3 2.37841 16
1.3 2.82843 16
1.3 3.36359 16
1.3 4 16
1.3 4.75683 16
1.3 5.65685 16
1.3 6.72717 16
1.3 8 16
1.3 9.51366 16
1.3 11.3137 42.1975
1.3 13.4543 114.248
1.3 16 307.39
1.3 19.0273 853.574
1.3 22.6274 2450.3
1.3 26.9087 nan
1.3 32 nan
1.3 38.0546 nan
1.3 45.2548 nan
1.3 53.8174 nan
1.3 64 nan
1.3 76.1093 nan
1.3 90.5097 nan
1.3 107.635 nan
1.3 128 nan
1.3 152.219 nan
1.3 181.019 nan
1.3 215.269 nan
1.3 256 nan
1.3 304.437 nan
1.3 362.039 nan
1.3 430.539 nan
1.3 512 nan
1.3 608.874 nan
1.3 724.077 nan
1.3 861.078 nan
1.3 1024 nan
1.3 1217.75 nan
1.3 1448.15 nan
1.3 1722.16 nan
1.3 2048 nan
1.3 2435.5 nan
1.3 2896.31 nan
1.3 3444.31 nan

1.4 1.18921 16
1.4 1.41421 16
1.4 1.68179 16
1.4 2 16
1.4 2.37841 16
1.4 2.82843 16
1.4 3.36359 16
1.4 4 16
1.4 4.75683 16
1.4 5.65685 16
1.4 6.72717 16
1.4 8 16
1.4 9.51366 16
1.4 11.3137 34.9001
1.4 13.4543 80.2708
1.4 16 179.319
1.4 19.0273 402.55
1.4 22.6274 914.428
1.4 26.9087 2101.75
1.4 32 nan
1.4 38.0546 nan
1.4 45.2548 nan
1.4 53.8174 nan
1.4 64 nan
1.4 76.1093 nan
1.4 90.5097 nan
1.4 107.635 nan
1.4 128 nan
1.4 152.219 nan
1.4 181.019 nan
1.4 215.269 nan
1.4 256 nan
1.4 304.437 nan
1.4 362.039 nan
1.4 430.539 nan
1.4 512 nan
1.4 608.874 nan
1.4 724.077 nan
1.4 861.078 nan
1.4 1024 nan
1.4 1217.75 nan
1.4 1448.15 nan
1.4 1722.16 nan
1.4 2048 nan
1.4 2435.5 nan
1.4 2896.31 nan
1.4 3444.31 nan

1.5 1.18921 8
1.5 1.41421 8
1.5 1.68179 8
1.5 2 8
1.5 2.37841 8
1.5 2.82843 8
1.5 3.36359 8
1.5 4 8
1.5 4.75683 8
1.5 5.65685 8
1.5 6.72717 8
1.5 8 8
1.5 9.51366 8
1.5 11.3137 29.5764
1.5 13.4543 61.1572
1.5 16 120.478
1.5 19.0273 235.652
1.5 22.6274 461.831
1.5 26.9087 908.782
1.5 32 1795.47
1.5 38.0546 3559.14
1.5 45.2548 nan
1.5 53.8174 nan
1.5 64 nan
1.5 76.1093 nan
1.5 90.5097 nan
1.5 107.635 nan
1.5 128 nan
1.5 152.219 nan
1.5 181.019 nan
1.5 215.269 nan
1.5 256 nan
1.5 304.437 nan
1.5 362.039 nan
1.5 430.539 nan
1.5 512 nan
1.5 608.874 nan
1.5 724.077 nan
1.5 861.078 nan
1.5 1024 nan
1.5 1217.75 nan
1.5 1448.15 nan
1.5 1722.16 nan
1.5 2048 nan
1.5 2435.5 nan
1.5 2896.31 nan
1.5 3444.31 nan

1.6 1.18921 8
1.6 1.41421 8
1.6 1.68179 8
1.6 2 8
1.6 2.37841 8
1.6 2.82843 8
1.6 3.36359 8
1.6 4 8
1.6 4.75683 8
1.6 5.65685 8
1.6 6.72717 8
1.6 8 8
1.6 9.51366 8
1.6 11.3137 25.5132
1.6 13.4543 48.9073
1.6 16 88.4604
1.6 19.0273 157.383
1.6 22.6274 278.669
1.6 26.9087 493.204
1.6 32 873.946
1.6 38.0546 1550.41
1.6 45.2548 2753.41
1.6 53.8174 nan
1.6 64 nan
1.6 76.1093 nan
1.6 90.5097 nan
1.6 107.635 nan
1.6 128 nan
1.6 152.219 nan
1.6 181.019 nan
1.6 215.269 nan
1.6 256 nan
1.6 304.437 nan
1.6 362.039 nan
1.6 430.539 nan
1.6 512 nan
1.6 608.874 nan
1.6 724.077 nan
1.6 861.078 nan
1.6 1024 nan
1.6 1217.75 nan
1.6 1448.15 nan
1.6 1722.16 nan
1.6 2048 nan
1.6 2435.5 nan
1.6 2896.31 nan
1.6 3444.31 nan

1.7 1.18921 8
1.7 1.41421 8
1.7 1.68179 8
1.7 2 8
1.7 2.37841 8
1.7 2.82843 8
1.7 3.36359 8
1.7 4 8
1.7 4.75683 8
1.7 5.65685 8
1.7 6.72717 8
1.7 8 8
1.7 9.51366 8
1.7 11.3137 22.64
1.7 13.4543 40.8308
1.7 16 69.1819
1.7 19.0273 114.516
1.7 22.6274 188.374
1.7 26.9087 309.073
1.7 32 506.453
1.7 38.0546 829.715
1.7 45.2548 1359.54
1.7 53.8174 2228.12
1.7 64 3652.79
1.7 76.1093 nan
1.7 90.5097 nan
1.7 107.635 nan
1.7 128 nan
1.7 152.219 nan
1.7 181.019 nan
1.7 215.269 nan
1.7 256 nan
1.7 304.437 nan
1.7 362.039 nan
1.7 430.539 nan
1.7 512 nan
1.7 608.874 nan
1.7 724.077 nan
1.7 861.078 nan
1.7 1024 nan
1.7 1217.75 nan
1.7 1448.15 nan
1.7 1722.16 nan
1.7 2048 nan
1.7 2435.5 nan
1.7 2896.31 nan
1.7 3444.31 nan

1.8 1.18921 8
1.8 1.41421 8
1.8 1.68179 8
1.8 2 8
1.8 2.37841 8
1.8 2.82843 8
1.8 3.36359 8
1.8 4 8
1.8 4.75683 8
1.8 5.65685 8
1.8 6.72717 8
1.8 8 8
1.8 9.51366 8
1.8 11.3137 20.5062
1.8 13.4543 35.1851
1.8 16 56.2611
1.8 19.0273 88.3916
1.8 22.6274 137.764
1.8 26.9087 213.289
1.8 32 329.685
1.8 38.0546 509.009
1.8 45.2548 785.164
1.8 53.8174 1211.01
1.8 64 1867.51
1.8 76.1093 2879.96
1.8 90.5097 nan
1.8 107.635 nan
1.8 128 nan
1.8 152.219 nan
1.8 181.019 nan
1.8 215.269 nan
1.8 256 nan
1.8 304.437 nan
1.8 362.039 nan
1.8 430.539 nan
1.8 512 nan
1.8 608.874 nan
1.8 724.077 nan
1.8 861.078 nan
1.8 1024 nan
1.8 1217.75 nan
1.8 1448.15 nan
1.8 1722.16 nan
1.8 2048 nan
1.8 2435.5 nan
1.8 2896.31 nan
1.8 3444.31 nan

1.9 1.18921 8
1.9 1.41421 8
1.9 1.68179 8
1.9 2 8
1.9 2.37841 8
1.9 2.82843 8
1.9 3.36359 8
1.9 4 8
1.9 4.75683 8
1.9 5.65685 8
1.9 6.72717 8
1.9 8 8
1.9 9.51366 8
1.9 11.3137 18.859
1.9 13.4543 30.8859
1.9 16 47.2281
1.9 19.0273 71.4125
1.9 22.6274 106.319
1.9 26.9087 157.643
1.9 32 232.91
1.9 38.0546 343.323
1.9 45.2548 505.706
1.9 53.8174 743.992
1.9 64 1094.41
1.9 76.1093 1609.18
1.9 90.5097 2365.91
1.9 107.635 3478.05
1.9 128 nan
1.9 152.219 nan
1.9 181.019 nan
1.9 215.269 nan
1.9 256 nan
1.9 304.437 nan
1.9 362.039 nan
1.9 430.539 nan
1.9 512 nan
1.9 608.874 nan
1.9 724.077 nan
1.9 861.078 nan
1.9 1024 nan
1.9 1217.75 nan
1.9 1448.15 nan
1.9 1722.16 nan
1.9 2048 nan
1.9 2435.5 nan
1.9 2896.31 nan
1.9 3444.31 nan

2 1.18921 8
2 1.41421 8
2 1.68179 8
2 2 8
2 2.37841 8
2 2.82843 8
2 3.36359 8
2 4 8
2 4.75683 8
2 5.65685 8
2 6.72717 8
2 8 8
2 9.51366 8
2 11.3137 17.547
2 13.4543 27.28
2 16 40.7478
2 19.0273 59.4999
2 22.6274 85.5628
2 26.9087 122.594
2 32 174.544
2 38.0546 248.294
2 45.2548 352.214
2 53.8174 499.491
2 64 707.425
2 76.1093 1001.81
2 90.5097 1417.83
2 107.635 2006.48
2 128 2838.83
2 152.219 4016.16
2 181.019 nan
2 215.269 nan
2 256 nan
2 304.437 nan
2 362.039 nan
2 430.539 nan
2 512 nan
2 608.874 nan
2 724.077 nan
2 861.078 nan
2 1024 nan
2 1217.75 nan
2 1448.15 nan
2 1722.16 nan
2 2048 nan
2 2435.5 nan
2 2896.31 nan
2 3444.31 nan

2.1 1.18921 8
2.1 1.41421 8
2.1 1.68179 8
2.1 2 8
2.1 2.37841 8
2.1 2.82843 8
2.1 3.36359 8
2.1 4 8
2.1 4.75683 8
2.1 5.65685 8
2.1 6.72717 8
2.1 8 8
2.1 9.51366 8
2.1 11.3137 16.4749
2.1 13.4543 24.5439
2.1 16 35.9126
2.1 19.0273 50.6994
2.1 22.6274 71.1845
2.1 26.9087 98.8156
2.1 32 136.978
2.1 38.0546 188.88
2.1 45.2548 260.404
2.1 53.8174 357.98
2.1 64 492.116
2.1 76.1093 675.631
2.1 90.5097 927.397
2.1 107.635 1272.33
2.1 128 1745.12
2.1 152.219 2393.19
2.1 181.019 3281.24
2.1 215.269 nan
2.1 256 nan
2.1 304.437 nan
2.1 362.039 nan
2.1 430.539 nan
2.1 512 nan
2.1 608.874 nan
2.1 724.077 nan
2.1 861.078 nan
2.1 1024 nan
2.1 1217.75 nan
2.1 1448.15 nan
2.1 1722.16 nan
2.1 2048 nan
2.1 2435.5 nan
2.1 2896.31 nan
2.1 3444.31 nan

2.2 1.18921 8
2.2 1.41421 8
2.2 1.68179 8
2.2 2 8
2.2 2.37841 8
2.2 2.82843 8
2.2 3.36359 8
2.2 4 8
2.2 4.75683 8
2.2 5.65685 8
2.2 6.72717 8
2.2 8 8
2.2 9.51366 8
2.2 11.3137 14.9986
2.2 13.4543 22.4029
2.2 16 32.1864
2.2 19.0273 44.1733
2.2 22.6274 60.6245
2.2 26.9087 82.1714
2.2 32 111.09
2.2 38.0546 149.692
2.2 45.2548 201.12
2.2 53.8174 270.068
2.2 64 361.774
2.2 76.1093 484.617
2.2 90.5097 648.363
2.2 107.635 867.174
2.2 128 1159.43
2.2 152.219 1549.42
2.2 181.019 2070.52
2.2 215.269 2765.83
2.2 256 3694.39
2.2 304.437 nan
2.2 362.039 nan
2.2 430.539 nan
2.2 512 nan
2.2 608.874 nan
2.2 724.077 nan
2.2 861.078 nan
2.2 1024 nan
2.2 1217.75 nan
2.2 1448.15 nan
2.2 1722.16 nan
2.2 2048 nan
2.2 2435.5 nan
2.2 2896.31 nan
2.2 3444.31 nan

2.3 1.18921 8
2.3 1.41421 8
2.3 1.68179 8
2.3 2 8
2.3 2.37841 8
2.3 2.82843 8
2.3 3.36359 8
2.3 4 8
2.3 4.75683 8
2.3 5.65685 8
2.3 6.72717 8
2.3 8 8
2.3 9.51366 8
2.3 11.3137 13.5104
2.3 13.4543 20.6844
2.3 16 28.8707
2.3 19.0273 39.177
2.3 22.6274 52.4977
2.3 26.9087 70.0416
2.3 32 92.5988
2.3 38.0546 122.42
2.3 45.2548 161.064
2.3 53.8174 211.71
2.3 64 278.036
2.3 76.1093 364.41
2.3 90.5097 477.614
2.3 107.635 625.254
2.3 128 818.19
2.3 152.219 1070.5
2.3 181.019 1399.58
2.3 215.269 1829.76
2.3 256 2391.53
2.3 304.437 3125.01
2.3 362.039 4083.26
2.3 430.539 nan
2.3 512 nan
2.3 608.874 nan
2.3 724.077 nan
2.3 861.078 nan
2.3 1024 nan
2.3 1217.75 nan
2.3 1448.15 nan
2.3 1722.16 nan
2.3 2048 nan
2.3 2435.5 nan
2.3 2896.31 nan
2.3 3444.31 nan

2.4 1.18921 8
2.4 1.41421 8
2.4 1.68179 8
2.4 2 8
2.4 2.37841 8
2.4 2.82843 8
2.4 3.36359 8
2.4 4 8
2.4 4.75683 8
2.4 5.65685 8
2.4 6.72717 8
2.4 8 8
2.4 9.51366 8.12004
2.4 11.3137 13.2008
2.4 13.4543 19.275
2.4 16 26.2322
2.4 19.0273 35.2482
2.4 22.6274 46.2788
2.4 26.9087 60.7613
2.4 32 78.9957
2.4 38.0546 102.464
2.4 45.2548 132.802
2.4 53.8174 171.337
2.4 64 221.051
2.4 76.1093 284.853
2.4 90.5097 366.479
2.4 107.635 471.492
2.4 128 605.944
2.4 152.219 778.319
2.4 181.019 999.718
2.4 215.269 1283
2.4 256 1646.36
2.4 304.437 2112.44
2.4 362.039 2709.2
2.4 430.539 3474.3
2.4 512 nan
2.4 608.874 nan
2.4 724.077 nan
2.4 861.078 nan
2.4 1024 nan
2.4 1217.75 nan
2.4 1448.15 nan
2.4 1722.16 nan
2.4 2048 nan
2.4 2435.5 nan
2.4 2896.31 nan
2.4 3444.31 nan

2.5 1.18921 8
2.5 1.41421 8
2.5 1.68179 8
2.5 2 8
2.5 2.37841 8
2.5 2.82843 8
2.5 3.36359 8
2.5 4 8
2.5 4.75683 8
2.5 5.65685 8
2.5 6.72717 8
2.5 8 8
2.5 9.51366 8.03512
2.5 11.3137 12.46
2.5 13.4543 18.0977
2.5 16 24.1023
2.5 19.0273 32.088
2.5 22.6274 41.3956
2.5 26.9087 53.4029
2.5 32 68.675
2.5 38.0546 87.6293
2.5 45.2548 111.815
2.5 53.8174 142.36
2.5 64 180.75
2.5 76.1093 229.493
2.5 90.5097 290.955
2.5 107.635 368.42
2.5 128 466.508
2.5 152.219 590.132
2.5 181.019 746.031
2.5 215.269 943.102
2.5 256 1191.46
2.5 304.437 1504.64
2.5 362.039 1900.09
2.5 430.539 2398.52
2.5 512 3026.91
2.5 608.874 3819.75
2.5 724.077 nan
2.5 861.078 nan
2.5 1024 nan
2.5 1217.75 nan
2.5 1448.15 nan
2.5 1722.16 nan
2.5 2048 nan
2.5 2435.5 nan
2.5 2896.31 nan
2.5 3444.31 nan

2.6 1.18921 8
2.6 1.41421 8
2.6 1.68179 8
2.6 2 8
2.6 2.37841 8
2.6 2.82843 8
2.6 3.36359 8
2.6 4 8
2.6 4.75683 8
2.6 5.65685 8
2.6 6.72717 8
2.6 8 8
2.6 9.51366 8
2.6 11.3137 11.8473
2.6 13.4543 17.0988
2.6 16 22.3496
2.6 19.0273 29.2128
2.6 22.6274 37.476
2.6 26.9087 47.6147
2.6 32 60.4963
2.6 38.0546 76.283
2.6 45.2548 95.9654
2.6 53.8174 120.726
2.6 64 151.356
2.6 76.1093 189.535
2.6 90.5097 237.343
2.6 107.635 296.703
2.6 128 370.583
2.6 152.219 462.856
2.6 181.019 577.597
2.6 215.269 720.241
2.6 256 898.1
2.6 304.437 1119.4
2.6 362.039 1394.33
2.6 430.539 1736.73
2.6 512 2162.84
2.6 608.874 2692.07
2.6 724.077 3350.57
2.6 861.078 nan
2.6 1024 nan
2.6 1217.75 nan
2.6 1448.15 nan
2.6 1722.16 nan
2.6 2048 nan
2.6 2435.5 nan
2.6 2896.31 nan
2.6 3444.31 nan

2.7 1.18921 8
2.7 1.41421 8
2.7 1.68179 8
2.7 2 8
2.7 2.37841 8
2.7 2.82843 8
2.7 3.36359 8
2.7 4 8
2.7 4.75683 8
2.7 5.65685 8
2.7 6.72717 8
2.7 8 8
2.7 9.51366 8
2.7 11.3137 11.3306
2.7 13.4543 16.2395
2.7 16 20.8832
2.7 19.0273 26.8548
2.7 22.6274 34.2695
2.7 26.9087 42.965
2.7 32 53.8669
2.7 38.0546 67.3917
2.7 45.2548 83.7395
2.7 53.8174 104.053
2.7 64 129.268
2.7 76.1093 159.948
2.7 90.5097 197.909
2.7 107.635 244.878
2.7 128 302.409
2.7 152.219 373.262
2.7 181.019 460.712
2.7 215.269 568.202
2.7 256 700.201
2.7 304.437 862.85
2.7 362.039 1063.07
2.7 430.539 1308.58
2.7 512 1610.72
2.7 608.874 1982.58
2.7 724.077 2438.85
2.7 861.078 2999.54
2.7 1024 3688.93
2.7 1217.75 nan
2.7 1448.15 nan
2.7 1722.16 nan
2.7 2048 nan
2.7 2435.5 nan
2.7 2896.31 nan
2.7 3444.31 nan

2.8 1.18921 8
2.8 1.41421 8
2.8 1.68179 8
2.8 2 8
2.8 2.37841 8
2.8 2.82843 8
2.8 3.36359 8
2.8 4 8
2.8 4.75683 8
2.8 5.65685 8
2.8 6.72717 8
2.8 8 8
2.8 9.51366 8
2.8 11.3137 10.8877
2.8 13.4543 15.2785
2.8 16 19.6385
2.8 19.0273 24.8959
2.8 22.6274 31.5606
2.8 26.9087 39.1613
2.8 32 48.5279
2.8 38.0546 60.1349
2.8 45.2548 74.0938
2.8 53.8174 91.0796
2.8 64 111.959
2.8 76.1093 137.439
2.8 90.5097 168.298
2.8 107.635 206.084
2.8 128 252.354
2.8 152.219 308.359
2.8 181.019 376.729
2.8 215.269 460.255
2.8 256 561.901
2.8 304.437 685.429
2.8 362.039 836.097
2.8 430.539 1019.88
2.8 512 1242.75
2.8 608.874 1514.23
2.8 724.077 1844.96
2.8 861.078 2247.2
2.8 1024 2735.9
2.8 1217.75 3330.62
2.8 1448.15 4054.45
2.8 1722.16 nan
2.8 2048 nan
2.8 2435.5 nan
2.8 2896.31 nan
2.8 3444.31 nan

2.9 1.18921 8
2.9 1.41421 8
2.9 1.68179 8
2.9 2 8
2.9 2.37841 8
2.9 2.82843 8
2.9 3.36359 8
2.9 4 8
2.9 4.75683 8
2.9 5.65685 8
2.9 6.72717 8
2.9 8 8
2.9 9.51366 8
2.9 11.3137 10.5026
2.9 13.4543 14.3888
2.9 16 18.5686
2.9 19.0273 23.2448
2.9 22.6274 29.0986
2.9 26.9087 35.9994
2.9 32 44.153
2.9 38.0546 54.1534
2.9 45.2548 66.3319
2.9 53.8174 80.772
2.9 64 98.3554
2.9 76.1093 119.766
2.9 90.5097 145.507
2.9 107.635 176.573
2.9 128 214.271
2.9 152.219 259.974
2.9 181.019 314.829
2.9 215.269 381.253
2.9 256 461.69
2.9 304.437 558.739
2.9 362.039 675.666
2.9 430.539 817.044
2.9 512 987.995
2.9 608.874 1193.76
2.9 724.077 1442.03
2.9 861.078 1741.87
2.9 1024 2103.85
2.9 1217.75 2539.54
2.9 1448.15 3065.12
2.9 1722.16 3699.25
2.9 2048 nan
2.9 2435.5 nan
2.9 2896.31 nan
2.9 3444.31 nan

3.02839 1.18921 8
3.02839 1.41421 8
3.02839 1.68179 8
3.02839 2 8
3.02839 2.37841 8
3.02839 2.82843 8
3.02839 3.36359 8
3.02839 4 8
3.02839 4.75683 8
3.02839 5.65685 8
3.02839 6.72717 8
3.02839 8 8
3.02839 9.51366 8
3.02839 11.3137 10.0746
3.02839 13.4543 13.4457
3.02839 16 17.3961
3.02839 19.0273 21.472
3.02839 22.6274 26.5028
3.02839 26.9087 32.6513
3.02839 32 39.5893
3.02839 38.0546 48.0014
3.02839 45.2548 58.2009
3.02839 53.8174 70.3483
3.02839 64 84.7736
3.02839 76.1093 102.157
3.02839 90.5097 123.104
3.02839 107.635 148.011
3.02839 128 177.85
3.02839 152.219 213.703
3.02839 181.019 256.776
3.02839 215.269 308.02
3.02839 256 369.484
3.02839 304.437 443.21
3.02839 362.039 531.523
3.02839 430.539 636.853
3.02839 512 763.035
3.02839 608.874 914.204
3.02839 724.077 1095.01
3.02839 861.078 1310.87
3.02839 1024 1569.21
3.02839 1217.75 1878.4
3.02839 1448.15 2248
3.02839 1722.16 2689.41
3.02839 2048 3217.17
3.02839 2435.5 3848.28
3.02839 2896.31 nan
3.02839 3444.31 nan

3.16247 1.18921 8
3.16247 1.41421 8
3.16247 1.68179 8
3.16247 2 8
3.16247 2.37841 8
3.16247 2.82843 8
3.16247 3.36359 8
3.16247 4 8
3.16247 4.75683 8
3.16247 5.65685 8
3.16247 6.72717 8
3.16247 8 8
3.16247 9.51366 8
3.16247 11.3137 9.69005
3.16247 13.4543 12.6389
3.16247 16 16.36
3.16247 19.0273 19.9389
3.16247 22.6274 24.3007
3.16247 26.9087 29.6166
3.16247 32 35.7587
3.16247 38.0546 42.9151
3.16247 45.2548 51.5037
3.16247 53.8174 61.8111
3.16247 64 73.879
3.16247 76.1093 88.2177
3.16247 90.5097 105.339
3.16247 107.635 125.783
3.16247 128 149.901
3.16247 152.219 178.604
3.16247 181.019 212.802
3.16247 215.269 253.547
3.16247 256 301.761
3.16247 304.437 359.113
3.16247 362.039 427.362
3.16247 430.539 508.579
3.16247 512 604.821
3.16247 608.874 719.23
3.16247 724.077 855.263
3.16247 861.078 1017.01
3.16247 1024 1208.9
3.16247 1217.75 1436.84
3.16247 1448.15 1707.69
3.16247 1722.16 2029.54
3.16247 2048 2411.87
3.16247 2435.5 2865.69
3.16247 2896.31 3404.55
3.16247 3444.31 4044.53

3.30249 1.18921 4
3.30249 1.41421 4
3.30249 1.68179 4
3.30249 2 4
3.30249 2.37841 4
3.30249 2.82843 4
3.30249 3.36359 4
3.30249 4 4
3.30249 4.75683 4
3.30249 5.65685 4
3.30249 6.72717 4
3.30249 8 4
3.30249 9.51366 4
3.30249 11.3137 9.34147
3.30249 13.4543 11.9404
3.30249 16 15.2623
3.30249 19.0273 18.6005
3.30249 22.6274 22.4132
3.30249 26.9087 27.0073
3.30249 32 32.5046
3.30249 38.0546 38.6572
3.30249 45.2548 45.9742
3.30249 53.8174 54.6762
3.30249 64 65.0022
3.30249 76.1093 77.0071
3.30249 90.5097 91.2288
3.30249 107.635 108.077
3.30249 128 128.036
3.30249 152.219 151.479
3.30249 181.019 179.213
3.30249 215.269 212.024
3.30249 256 250.842
3.30249 304.437 296.645
3.30249 362.039 350.784
3.30249 430.539 414.798
3.30249 512 490.492
3.30249 608.874 579.969
3.30249 724.077 685.727
3.30249 861.078 810.744
3.30249 1024 958.539
3.30249 1217.75 1133.43
3.30249 1448.15 1340.22
3.30249 1722.16 1584.61
3.30249 2048 1873.51
3.30249 2435.5 2215.67
3.30249 2896.31 2620.63
3.30249 3444.31 3099.03

3.4487 1.18921 4
3.4487 1.41421 4
3.4487 1.68179 4
3.4487 2 4
3.4487 2.37841 4
3.4487 2.82843 4
3.4487 3.36359 4
3.4487 4 4
3.4487 4.75683 4
3.4487 5.65685 4
3.4487 6.72717 4
3.4487 8 4
3.4487 9.51366 4
3.4487 11.3137 9.02295
3.4487 13.4543 11.3288
3.4487 16 14.2238
3.4487 19.0273 17.4216
3.4487 22.6274 20.7795
3.4487 26.9087 24.7847
3.4487 32 29.5618
3.4487 38.0546 35.049
3.4487 45.2548 41.3516
3.4487 53.8174 48.7875
3.4487 64 57.5605
3.4487 76.1093 67.8484
3.4487 90.5097 79.843
3.4487 107.635 93.9577
3.4487 128 110.567
3.4487 152.219 130.109
3.4487 181.019 153.063
3.4487 215.269 180.063
3.4487 256 211.826
3.4487 304.437 249.191
3.4487 362.039 293.254
3.4487 430.539 345.125
3.4487 512 406.164
3.4487 608.874 477.996
3.4487 724.077 562.781
3.4487 861.078 662.785
3.4487 1024 780.525
3.4487 1217.75 919.16
3.4487 1448.15 1082.8
3.4487 1722.16 1276.31
3.4487 2048 1504.23
3.4487 2435.5 1772.74
3.4487 2896.31 2089.52
3.4487 3444.31 2465.64

3.60139 1.18921 4
3.60139 1.41421 4
3.60139 1.68179 4
3.60139 2 4
3.60139 2.37841 4
3.60139 2.82843 4
3.60139 3.36359 4
3.60139 4 4
3.60139 4.75683 4
3.60139 5.65685 4
3.60139 6.72717 4
3.60139 8 4
3.60139 9.51366 4
3.60139 11.3137 8.72976
3.60139 13.4543 10.788
3.60139 16 13.3315
3.60139 19.0273 16.3737
3.60139 22.6274 19.3522
3.60139 26.9087 22.8726
3.60139 32 27.0334
3.60139 38.0546 31.951
3.60139 45.2548 37.4392
3.60139 53.8174 43.8666
3.60139 64 51.3972
3.60139 76.1093 60.2207
3.60139 90.5097 70.5102
3.60139 107.635 82.5217
3.60139 128 96.579
3.60139 152.219 113.031
3.60139 181.019 132.311
3.60139 215.269 154.991
3.60139 256 181.557
3.60139 304.437 212.676
3.60139 362.039 249.127
3.60139 430.539 292.197
3.60139 512 342.793
3.60139 608.874 402.141
3.60139 724.077 471.76
3.60139 861.078 553.907
3.60139 1024 650.903
3.60139 1217.75 764.837
3.60139 1448.15 898.685
3.60139 1722.16 1056.35
3.60139 2048 1243.51
3.60139 2435.5 1463.57
3.60139 2896.31 1722.41
3.60139 3444.31 2026.93

3.76083 1.18921 4
3.76083 1.41421 4
3.76083 1.68179 4
3.76083 2 4
3.76083 2.37841 4
3.76083 2.82843 4
3.76083 3.36359 4
3.76083 4 4
3.76083 4.75683 4
3.76083 5.65685 4
3.76083 6.72717 4
3.76083 8 4
3.76083 9.51366 4
3.76083 11.3137 8.45809
3.76083 13.4543 10.3056
3.76083 16 12.5567
3.76083 19.0273 15.2995
3.76083 22.6274 18.0937
3.76083 26.9087 21.212
3.76083 32 24.8676
3.76083 38.0546 29.1533
3.76083 45.2548 34.0862
3.76083 53.8174 39.703
3.76083 64 46.2452
3.76083 76.1093 53.8653
3.76083 90.5097 62.741
3.76083 107.635 73.1117
3.76083 128 85.2018
3.76083 152.219 99.2908
3.76083 181.019 115.709
3.76083 215.269 134.95
3.76083 256 157.633
3.76083 304.437 184.125
3.76083 362.039 215.069
3.76083 430.539 251.211
3.76083 512 294.141
3.76083 608.874 344.508
3.76083 724.077 403.489
3.76083 861.078 472.561
3.76083 1024 554.225
3.76083 1217.75 650.867
3.76083 1448.15 764.295
3.76083 1722.16 897.451
3.76083 2048 1054.35
3.76083 2435.5 1241.42
3.76083 2896.31 1461.31
3.76083 3444.31 1719.9

3.92734 1.18921 4
3.92734 1.41421 4
3.92734 1.68179 4
3.92734 2 4
3.92734 2.37841 4
3.92734 2.82843 4
3.92734 3.36359 4
3.92734 4 4
3.92734 4.75683 4
3.92734 5.65685 4
3.92734 6.72717 4
3.92734 8 4
3.92734 9.51366 4
3.92734 11.3137 8.20475
3.92734 13.4543 9.8717
3.92734 16 11.8773
3.92734 19.0273 14.2904
3.92734 22.6274 16.9735
3.92734 26.9087 19.756
3.92734 32 22.9948
3.92734 38.0546 26.7644
3.92734 45.2548 31.1521
3.92734 53.8174 36.1351
3.92734 64 41.8842
3.92734 76.1093 48.548
3.92734 90.5097 56.2719
3.92734 107.635 65.2443
3.92734 128 75.8018
3.92734 152.219 88.067
3.92734 181.019 102.316
3.92734 215.269 118.871
3.92734 256 138.378
3.92734 304.437 161.395
3.92734 362.039 188.237
3.92734 430.539 219.541
3.92734 512 256.052
3.92734 608.874 299.833
3.92734 724.077 351.08
3.92734 861.078 411.072
3.92734 1024 481.308
3.92734 1217.75 564.834
3.92734 1448.15 663.737
3.92734 1722.16 779.869
3.92734 2048 916.266
3.92734 2435.5 1077.76
3.92734 2896.31 1270.59
3.92734 3444.31 1497.37

4.10122 1.18921 4
4.10122 1.41421 4
4.10122 1.68179 4
4.10122 2 4
4.10122 2.37841 4
4.10122 2.82843 4
4.10122 3.36359 4
4.10122 4 4
4.10122 4.75683 4
4.10122 5.65685 4
4.10122 6.72717 4
4.10122 8 4
4.10122 9.51366 4
4.10122 11.3137 7.82309
4.10122 13.4543 9.47836
4.10122 16 11.2763
4.10122 19.0273 13.4153
4.10122 22.6274 15.9601
4.10122 26.9087 18.4673
4.10122 32 21.3596
4.10122 38.0546 24.7049
4.10122 45.2548 28.5742
4.10122 53.8174 33.0368
4.10122 64 38.1451
4.10122 76.1093 44.0431
4.10122 90.5097 50.853
4.10122 107.635 58.7158
4.10122 128 67.9128
4.10122 152.219 78.7554
4.10122 181.019 91.3284
4.10122 215.269 105.908
4.10122 256 122.815
4.10122 304.437 142.99
4.10122 362.039 166.732
4.10122 430.539 194.412
4.10122 512 226.685
4.10122 608.874 264.6
4.10122 724.077 310.107
4.10122 861.078 363.414
4.10122 1024 425.868
4.10122 1217.75 499.045
4.10122 1448.15 586.993
4.10122 1722.16 690.782
4.10122 2048 812.803
4.10122 2435.5 956.305
4.10122 2896.31 1127.98
4.10122 3444.31 1332.15

4.2828 1.18921 4
4.2828 1.41421 4
4.2828 1.68179 4
4.2828 2 4
4.2828 2.37841 4
4.2828 2.82843 4
4.2828 3.36359 4
4.2828 4 4
4.2828 4.75683 4
4.2828 5.65685 4
4.2828 6.72717 4
4.2828 8 4
4.2828 9.51366 4
4.2828 11.3137 6.87312
4.2828 13.4543 9.11915
4.2828 16 10.7403
4.2828 19.0273 12.6495
4.2828 22.6274 14.8982
4.2828 26.9087 17.315
4.2828 32 19.918
4.2828 38.0546 22.9124
4.2828 45.2548 26.3568
4.2828 53.8174 30.3191
4.2828 64 34.8957
4.2828 76.1093 40.1765
4.2828 90.5097 46.2562
4.2828 107.635 53.2558
4.2828 128 61.3146
4.2828 152.219 70.9135
4.2828 181.019 82.1769
4.2828 215.269 95.2283
4.2828 256 110.352
4.2828 304.437 127.878
4.2828 362.039 149.23
4.2828 430.539 174.15
4.2828 512 203.226
4.2828 608.874 237.154
4.2828 724.077 277.591
4.2828 861.078 325.863
4.2828 1024 382.495
4.2828 1217.75 448.949
4.2828 1448.15 527.419
4.2828 1722.16 622.034
4.2828 2048 733.385
4.2828 2435.5 864.511
4.2828 2896.31 1018.99
4.2828 3444.31 1206.61

4.47241 1.18921 4
4.47241 1.41421 4
4.47241 1.68179 4
4.47241 2 4
4.47241 2.37841 4
4.47241 2.82843 4
4.47241 3.36359 4
4.47241 4 4
4.47241 4.75683 4
4.47241 5.65685 4
4.47241 6.72717 4
4.47241 8 4
4.47241 9.51366 4
4.47241 11.3137 6.25541
4.47241 13.4543 8.78875
4.47241 16 10.2584
4.47241 19.0273 11.9737
4.47241 22.6274 13.9759
4.47241 26.9087 16.2737
4.47241 32 18.634
4.47241 38.0546 21.3367
4.47241 45.2548 24.4313
4.47241 53.8174 27.9748
4.47241 64 32.0331
4.47241 76.1093 36.8128
4.47241 90.5097 42.3054
4.47241 107.635 48.6175
4.47241 128 55.8712
4.47241 152.219 64.2202
4.47241 181.019 74.4477
4.47241 215.269 86.3026
4.47241 256 100.044
4.47241 304.437 115.974
4.47241 362.039 134.814
4.47241 430.539 157.59
4.47241 512 184.205
4.47241 608.874 215.31
4.47241 724.077 251.665
4.47241 861.078 295.874
4.47241 1024 348.037
4.47241 1217.75 409.355
4.47241 1448.15 481.449
4.47241 1722.16 568.08
4.47241 2048 671.308
4.47241 2435.5 792.985
4.47241 2896.31 936.516
4.47241 3444.31 1108.82

4.67042 1.18921 4
4.67042 1.41421 4
4.67042 1.68179 4
4.67042 2 4
4.67042 2.37841 4
4.67042 2.82843 4
4.67042 3.36359 4
4.67042 4 4
4.67042 4.75683 4
4.67042 5.65685 4
4.67042 6.72717 4
4.67042 8 4
4.67042 9.51366 4
4.67042 11.3137 5.8266
4.67042 13.4543 8.48271
4.67042 16 9.8219
4.67042 19.0273 11.3725
4.67042 22.6274 13.1679
4.67042 26.9087 15.2468
4.67042 32 17.4778
4.67042 38.0546 19.9371
4.67042 45.2548 22.7425
4.67042 53.8174 25.9426
4.67042 64 29.5929
4.67042 76.1093 33.8472
4.67042 90.5097 38.8646
4.67042 107.635 44.6255
4.67042 128 51.2402
4.67042 152.219 58.8353
4.67042 181.019 67.8435
4.67042 215.269 78.7479
4.67042 256 91.4033
4.67042 304.437 106.092
4.67042 362.039 123.14
4.67042 430.539 143.917
4.67042 512 168.595
4.67042 608.874 197.495
4.67042 724.077 231.344
4.67042 861.078 271.652
4.67042 1024 320.301
4.67042 1217.75 377.58
4.67042 1448.15 445.049
4.67042 1722.16 524.981
4.67042 2048 621.905
4.67042 2435.5 736.191
4.67042 2896.31 871.094
4.67042 3444.31 1030.71

4.8772 1.18921 4
4.8772 1.41421 4
4.8772 1.68179 4
4.8772 2 4
4.8772 2.37841 4
4.8772 2.82843 4
4.8772 3.36359 4
4.8772 4 4
4.8772 4.75683 4
4.8772 5.65685 4
4.8772 6.72717 4
4.8772 8 4
4.8772 9.51366 4
4.8772 11.3137 5.51449
4.8772 13.4543 8.19718
4.8772 16 9.42365
4.8772 19.0273 10.8336
4.8772 22.6274 12.4546
4.8772 26.9087 14.318
4.8772 32 16.4244
4.8772 38.0546 18.68
4.8772 45.2548 21.2454
4.8772 53.8174 24.1631
4.8772 64 27.4814
4.8772 76.1093 31.2555
4.8772 90.5097 35.8295
4.8772 107.635 41.1452
4.8772 128 47.2494
4.8772 152.219 54.259
4.8772 181.019 62.3084
4.8772 215.269 72.2909
4.8772 256 84.0776
4.8772 304.437 97.7842
4.8772 362.039 113.724
4.8772 430.539 132.545
4.8772 512 155.664
4.8772 608.874 182.796
4.8772 724.077 214.647
4.8772 861.078 252.04
4.8772 1024 297.702
4.8772 1217.75 351.725
4.8772 1448.15 415.451
4.8772 1722.16 490.659
4.8772 2048 581.792
4.8772 2435.5 690.171
4.8772 2896.31 818.13
4.8772 3444.31 969.35

5.09313 1.18921 4
5.09313 1.41421 4
5.09313 1.68179 4
5.09313 2 4
5.09313 2.37841 4
5.09313 2.82843 4
5.09313 3.36359 4
5.09313 4 4
5.09313 4.75683 4
5.09313 5.65685 4
5.09313 6.72717 4
5.09313 8 4
5.09313 9.51366 4
5.09313 11.3137 5.27903
5.09313 13.4543 7.79325
5.09313 16 9.05748
5.09313 19.0273 10.3469
5.09313 22.6274 11.8199
5.09313 26.9087 13.5025
5.09313 32 15.4247
5.09313 38.0546 17.5371
5.09313 45.2548 19.9029
5.09313 53.8174 22.5879
5.09313 64 25.6349
5.09313 76.1093 29.093
5.09313 90.5097 33.1224
5.09313 107.635 38.0749
5.09313 128 43.7675
5.09313 152.219 50.3109
5.09313 181.019 57.8324
5.09313 215.269 66.7377
5.09313 256 77.8155
5.09313 304.437 90.7289
5.09313 362.039 105.783
5.09313 430.539 123.334
5.09313 512 144.873
5.09313 608.874 170.552
5.09313 724.077 200.762
5.09313 861.078 236.308
5.09313 1024 279.049
5.09313 1217.75 330.397
5.09313 1448.15 391.021
5.09313 1722.16 462.649
5.09313 2048 548.536
5.09313 2435.5 651.987
5.09313 2896.31 774.191
5.09313 3444.31 918.653

5.31862 1.18921 2
5.31862 1.41421 2
5.31862 1.68179 2
5.31862 2 2
5.31862 2.37841 2
5.31862 2.82843 2
5.31862 3.36359 2
5.31862 4 2
5.31862 4.75683 2
5.31862 5.65685 2
5.31862 6.72717 2
5.31862 8 2
5.31862 9.51366 2
5.31862 11.3137 5.0963
5.31862 13.4543 7.16047
5.31862 16 8.71799
5.31862 19.0273 9.90371
5.31862 22.6274 11.2507
5.31862 26.9087 12.7809
5.31862 32 14.5192
5.31862 38.0546 16.4849
5.31862 45.2548 18.6843
5.31862 53.8174 21.177
5.31862 64 24.0022
5.31862 76.1093 27.2043
5.31862 90.5097 30.8337
5.31862 107.635 35.3404
5.31862 128 40.6969
5.31862 152.219 46.8648
5.31862 181.019 53.9673
5.31862 215.269 62.146
5.31862 256 72.4348
5.31862 304.437 84.6915
5.31862 362.039 99.0186
5.31862 430.539 115.767
5.31862 512 135.809
5.31862 608.874 160.267
5.31862 724.077 189.092
5.31862 861.078 223.075
5.31862 1024 263.425
5.31862 1217.75 312.53
5.31862 1448.15 370.539
5.31862 1722.16 439.119
5.31862 2048 520.517
5.31862 2435.5 619.579
5.31862 2896.31 736.731
5.31862 3444.31 875.332

5.5541 1.18921 2
5.5541 1.41421 2
5.5541 1.68179 2
5.5541 2 2
5.5541 2.37841 2
5.5541 2.82843 2
5.5541 3.36359 2
5.5541 4 2
5.5541 4.75683 2
5.5541 5.65685 2
5.5541 6.72717 2
5.5541 8 2
5.5541 9.51366 2
5.5541 11.3137 4.9512
5.5541 13.4543 6.68011
5.5541 16 8.40027
5.5541 19.0273 9.4966
5.5541 22.6274 10.736
5.5541 26.9087 12.1372
5.5541 32 13.7212
5.5541 38.0546 15.512
5.5541 45.2548 17.5639
5.5541 53.8174 19.8977
5.5541 64 22.5415
5.5541 76.1093 25.5365
5.5541 90.5097 28.9294
5.5541 107.635 32.8915
5.5541 128 37.969
5.5541 152.219 43.8298
5.5541 181.019 50.5947
5.5541 215.269 58.4035
5.5541 256 67.8025
5.5541 304.437 79.5007
5.5541 362.039 93.2109
5.5541 430.539 109.281
5.5541 512 128.127
5.5541 608.874 151.545
5.5541 724.077 179.181
5.5541 861.078 211.813
5.5541 1024 250.36
5.5541 1217.75 297.314
5.5541 1448.15 353.058
5.5541 1722.16 418.996
5.5541 2048 497.037
5.5541 2435.5 591.624
5.5541 2896.31 704.112
5.5541 3444.31 837.33

5.8 1.18921 4
5.8 1.41421 4
5.8 1.68179 4
5.8 2 4
5.8 2.37841 4
5.8 2.82843 4
5.8 3.36359 4
5.8 4 4
5.8 4.75683 4
5.8 5.65685 4
5.8 6.72717 4
5.8 8 4
5.8 9.51366 4
5.8 11.3137 4.83371
5.8 13.4543 6.3054
5.8 16 8.09964
5.8 19.0273 9.11892
5.8 22.6274 10.2665
5.8 26.9087 11.5584
5.8 32 13.0129
5.8 38.0546 14.6505
5.8 45.2548 16.5219
5.8 53.8174 18.7236
5.8 64 21.2186
5.8 76.1093 24.046
5.8 90.5097 27.2501
5.8 107.635 30.8812
5.8 128 35.5361
5.8 152.219 41.1415
5.8 181.019 47.6303
5.8 215.269 55.1422
5.8 256 63.8385
5.8 304.437 75.037
5.8 362.039 88.213
5.8 430.539 103.696
5.8 512 121.892
5.8 608.874 144.098
5.8 724.077 170.7
5.8 861.078 202.145
5.8 1024 239.336
5.8 1217.75 284.187
5.8 1448.15 337.877
5.8 1722.16 401.433
5.8 2048 476.695
5.8 2435.5 567.136
5.8 2896.31 675.278
5.8 3444.31 803.439

6.05679 1.18921 4
6.05679 1.41421 4
6.05679 1.68179 4
6.05679 2 4
6.05679 2.37841 4
6.05679 2.82843 4
6.05679 3.36359 4
6.05679 4 4
6.05679 4.75683 4
6.05679 5.65685 4
6.05679 6.72717 4
6.05679 8 4
6.05679 9.51366 4
6.05679 11.3137 4.73704
6.05679 13.4543 6.00651
6.05679 16 7.61617
6.05679 19.0273 8.76455
6.05679 22.6274 9.8338
6.05679 26.9087 11.0335
6.05679 32 12.3795
6.05679 38.0546 13.8898
6.05679 45.2548 15.5843
6.05679 53.8174 17.6351
6.05679 64 20.0061
6.05679 76.1093 22.6959
6.05679 90.5097 25.7472
6.05679 107.635 29.2087
6.05679 128 33.3525
6.05679 152.219 38.739
6.05679 181.019 44.9942
6.05679 215.269 52.2585
6.05679 256 60.6952
6.05679 304.437 71.1728
6.05679 362.039 83.8867
6.05679 430.539 98.8606
6.05679 512 116.5
6.05679 608.874 137.708
6.05679 724.077 163.384
6.05679 861.078 193.756
6.05679 1024 229.699
6.05679 1217.75 272.692
6.05679 1448.15 324.456
6.05679 1722.16 385.791
6.05679 2048 458.474
6.05679 2435.5 545.299
6.05679 2896.31 649.449
6.05679 3444.31 772.914

