# T0 = 1
# mxlib uncomp [dev]: 15c346a9a22d5b28a2224372f9d9f720bd775978
# mxlib comp [dev]: 38139e97f9e4c035fd45e2571fd22f6c821a6b80
# pointingEnv [main]: dbe98ccca0a517a97e5f48e28d1e0b1e2e597f0d
1 1.18921 64
1 1.41421 64
1 1.68179 64
1 2 64
1 2.37841 64
1 2.82843 64
1 3.36359 64
1 4 64
1 4.75683 64
1 5.65685 64
1 6.72717 64
1 8 64
1 9.51366 64
1 11.3137 353.796
1 13.4543 3920.39
1 16 nan
1 19.0273 nan
1 22.6274 nan
1 26.9087 nan
1 32 nan
1 38.0546 nan
1 45.2548 nan
1 53.8174 nan
1 64 nan
1 76.1093 nan
1 90.5097 nan
1 107.635 nan
1 128 nan
1 152.219 nan
1 181.019 nan
1 215.269 nan
1 256 nan
1 304.437 nan
1 362.039 nan
1 430.539 nan
1 512 nan
1 608.874 nan
1 724.077 nan
1 861.078 nan
1 1024 nan
1 1217.75 nan
1 1448.15 nan
1 1722.16 nan
1 2048 nan
1 2435.5 nan
1 2896.31 nan
1 3444.31 nan

1.1 1.18921 64
1.1 1.41421 64
1.1 1.68179 64
1.1 2 64
1.1 2.37841 64
1.1 2.82843 64
1.1 3.36359 64
1.1 4 64
1.1 4.75683 64
1.1 5.65685 64
1.1 6.72717 64
1.1 8 64
1.1 9.51366 64
1.1 11.3137 224.17
1.1 13.4543 1138.76
1.1 16 nan
1.1 19.0273 nan
1.1 22.6274 nan
1.1 26.9087 nan
1.1 32 nan
1.1 38.0546 nan
1.1 45.2548 nan
1.1 53.8174 nan
1.1 64 nan
1.1 76.1093 nan
1.1 90.5097 nan
1.1 107.635 nan
1.1 128 nan
1.1 152.219 nan
1.1 181.019 nan
1.1 215.269 nan
1.1 256 nan
1.1 304.437 nan
1.1 362.039 nan
1.1 430.539 nan
1.1 512 nan
1.1 608.874 nan
1.1 724.077 nan
1.1 861.078 nan
1.1 1024 nan
1.1 1217.75 nan
1.1 1448.15 nan
1.1 1722.16 nan
1.1 2048 nan
1.1 2435.5 nan
1.1 2896.31 nan
1.1 3444.31 nan

1.2 1.18921 32
1.2 1.41421 32
1.2 1.68179 32
1.2 2 32
1.2 2.37841 32
1.2 2.82843 32
1.2 3.36359 32
1.2 4 32
1.2 4.75683 32
1.2 5.65685 32
1.2 6.72717 32
1.2 8 32
1.2 9.51366 32
1.2 11.3137 162.36
1.2 13.4543 555.405
1.2 16 2021.38
1.2 19.0273 nan
1.2 22.6274 nan
1.2 26.9087 nan
1.2 32 nan
1.2 38.0546 nan
1.2 45.2548 nan
1.2 53.8174 nan
1.2 64 nan
1.2 76.1093 nan
1.2 90.5097 nan
1.2 107.635 nan
1.2 128 nan
1.2 152.219 nan
1.2 181.019 nan
1.2 215.269 nan
1.2 256 nan
1.2 304.437 nan
1.2 362.039 nan
1.2 430.539 nan
1.2 512 nan
1.2 608.874 nan
1.2 724.077 nan
1.2 861.078 nan
1.2 1024 nan
1.2 1217.75 nan
1.2 1448.15 nan
1.2 1722.16 nan
1.2 2048 nan
1.2 2435.5 nan
1.2 2896.31 nan
1.2 3444.31 nan

1.3 1.18921 32
1.3 1.41421 32
1.3 1.68179 32
1.3 2 32
1.3 2.37841 32
1.3 2.82843 32
1.3 3.36359 32
1.3 4 32
1.3 4.75683 32
1.3 5.65685 32
1.3 6.72717 32
1.3 8 32
1.3 9.51366 32
1.3 11.3137 127.684
1.3 13.4543 343.011
1.3 16 921.677
1.3 19.0273 2561.36
1.3 22.6274 nan
1.3 26.9087 nan
1.3 32 nan
1.3 38.0546 nan
1.3 45.2548 nan
1.3 53.8174 nan
1.3 64 nan
1.3 76.1093 nan
1.3 90.5097 nan
1.3 107.635 nan
1.3 128 nan
1.3 152.219 nan
1.3 181.019 nan
1.3 215.269 nan
1.3 256 nan
1.3 304.437 nan
1.3 362.039 nan
1.3 430.539 nan
1.3 512 nan
1.3 608.874 nan
1.3 724.077 nan
1.3 861.078 nan
1.3 1024 nan
1.3 1217.75 nan
1.3 1448.15 nan
1.3 1722.16 nan
1.3 2048 nan
1.3 2435.5 nan
1.3 2896.31 nan
1.3 3444.31 nan

1.4 1.18921 32
1.4 1.41421 32
1.4 1.68179 32
1.4 2 32
1.4 2.37841 32
1.4 2.82843 32
1.4 3.36359 32
1.4 4 32
1.4 4.75683 32
1.4 5.65685 32
1.4 6.72717 32
1.4 8 32
1.4 9.51366 32
1.4 11.3137 103.616
1.4 13.4543 240.858
1.4 16 537.698
1.4 19.0273 1207.46
1.4 22.6274 2744.79
1.4 26.9087 nan
1.4 32 nan
1.4 38.0546 nan
1.4 45.2548 nan
1.4 53.8174 nan
1.4 64 nan
1.4 76.1093 nan
1.4 90.5097 nan
1.4 107.635 nan
1.4 128 nan
1.4 152.219 nan
1.4 181.019 nan
1.4 215.269 nan
1.4 256 nan
1.4 304.437 nan
1.4 362.039 nan
1.4 430.539 nan
1.4 512 nan
1.4 608.874 nan
1.4 724.077 nan
1.4 861.078 nan
1.4 1024 nan
1.4 1217.75 nan
1.4 1448.15 nan
1.4 1722.16 nan
1.4 2048 nan
1.4 2435.5 nan
1.4 2896.31 nan
1.4 3444.31 nan

1.5 1.18921 32
1.5 1.41421 32
1.5 1.68179 32
1.5 2 32
1.5 2.37841 32
1.5 2.82843 32
1.5 3.36359 32
1.5 4 32
1.5 4.75683 32
1.5 5.65685 32
1.5 6.72717 32
1.5 8 32
1.5 9.51366 32
1.5 11.3137 88.0098
1.5 13.4543 182.951
1.5 16 361.343
1.5 19.0273 707.178
1.5 22.6274 1385.98
1.5 26.9087 2727.24
1.5 32 nan
1.5 38.0546 nan
1.5 45.2548 nan
1.5 53.8174 nan
1.5 64 nan
1.5 76.1093 nan
1.5 90.5097 nan
1.5 107.635 nan
1.5 128 nan
1.5 152.219 nan
1.5 181.019 nan
1.5 215.269 nan
1.5 256 nan
1.5 304.437 nan
1.5 362.039 nan
1.5 430.539 nan
1.5 512 nan
1.5 608.874 nan
1.5 724.077 nan
1.5 861.078 nan
1.5 1024 nan
1.5 1217.75 nan
1.5 1448.15 nan
1.5 1722.16 nan
1.5 2048 nan
1.5 2435.5 nan
1.5 2896.31 nan
1.5 3444.31 nan

1.6 1.18921 32
1.6 1.41421 32
1.6 1.68179 32
1.6 2 32
1.6 2.37841 32
1.6 2.82843 32
1.6 3.36359 32
1.6 4 32
1.6 4.75683 32
1.6 5.65685 32
1.6 6.72717 32
1.6 8 32
1.6 9.51366 32
1.6 11.3137 77.1794
1.6 13.4543 147.263
1.6 16 265.871
1.6 19.0273 472.15
1.6 22.6274 835.971
1.6 26.9087 1479.96
1.6 32 2622.29
1.6 38.0546 nan
1.6 45.2548 nan
1.6 53.8174 nan
1.6 64 nan
1.6 76.1093 nan
1.6 90.5097 nan
1.6 107.635 nan
1.6 128 nan
1.6 152.219 nan
1.6 181.019 nan
1.6 215.269 nan
1.6 256 nan
1.6 304.437 nan
1.6 362.039 nan
1.6 430.539 nan
1.6 512 nan
1.6 608.874 nan
1.6 724.077 nan
1.6 861.078 nan
1.6 1024 nan
1.6 1217.75 nan
1.6 1448.15 nan
1.6 1722.16 nan
1.6 2048 nan
1.6 2435.5 nan
1.6 2896.31 nan
1.6 3444.31 nan

1.7 1.18921 32
1.7 1.41421 32
1.7 1.68179 32
1.7 2 32
1.7 2.37841 32
1.7 2.82843 32
1.7 3.36359 32
1.7 4 32
1.7 4.75683 32
1.7 5.65685 32
1.7 6.72717 32
1.7 8 32
1.7 9.51366 32
1.7 11.3137 69.2601
1.7 13.4543 123.079
1.7 16 207.015
1.7 19.0273 343.441
1.7 22.6274 565.378
1.7 26.9087 927.224
1.7 32 1519.42
1.7 38.0546 2489.46
1.7 45.2548 4078.98
1.7 53.8174 nan
1.7 64 nan
1.7 76.1093 nan
1.7 90.5097 nan
1.7 107.635 nan
1.7 128 nan
1.7 152.219 nan
1.7 181.019 nan
1.7 215.269 nan
1.7 256 nan
1.7 304.437 nan
1.7 362.039 nan
1.7 430.539 nan
1.7 512 nan
1.7 608.874 nan
1.7 724.077 nan
1.7 861.078 nan
1.7 1024 nan
1.7 1217.75 nan
1.7 1448.15 nan
1.7 1722.16 nan
1.7 2048 nan
1.7 2435.5 nan
1.7 2896.31 nan
1.7 3444.31 nan

1.8 1.18921 32
1.8 1.41421 32
1.8 1.68179 32
1.8 2 32
1.8 2.37841 32
1.8 2.82843 32
1.8 3.36359 32
1.8 4 32
1.8 4.75683 32
1.8 5.65685 32
1.8 6.72717 32
1.8 8 32
1.8 9.51366 32
1.8 11.3137 62.8628
1.8 13.4543 104.834
1.8 16 168.666
1.8 19.0273 265.739
1.8 22.6274 412.925
1.8 26.9087 639.947
1.8 32 989.29
1.8 38.0546 1526.88
1.8 45.2548 2355.84
1.8 53.8174 3633.52
1.8 64 nan
1.8 76.1093 nan
1.8 90.5097 nan
1.8 107.635 nan
1.8 128 nan
1.8 152.219 nan
1.8 181.019 nan
1.8 215.269 nan
1.8 256 nan
1.8 304.437 nan
1.8 362.039 nan
1.8 430.539 nan
1.8 512 nan
1.8 608.874 nan
1.8 724.077 nan
1.8 861.078 nan
1.8 1024 nan
1.8 1217.75 nan
1.8 1448.15 nan
1.8 1722.16 nan
1.8 2048 nan
1.8 2435.5 nan
1.8 2896.31 nan
1.8 3444.31 nan

1.9 1.18921 32
1.9 1.41421 32
1.9 1.68179 32
1.9 2 32
1.9 2.37841 32
1.9 2.82843 32
1.9 3.36359 32
1.9 4 32
1.9 4.75683 32
1.9 5.65685 32
1.9 6.72717 32
1.9 8 32
1.9 9.51366 32
1.9 11.3137 56.2629
1.9 13.4543 91.7097
1.9 16 142.275
1.9 19.0273 213.875
1.9 22.6274 319.05
1.9 26.9087 473.071
1.9 32 698.563
1.9 38.0546 1030.42
1.9 45.2548 1516.84
1.9 53.8174 2232.43
1.9 64 3283.47
1.9 76.1093 nan
1.9 90.5097 nan
1.9 107.635 nan
1.9 128 nan
1.9 152.219 nan
1.9 181.019 nan
1.9 215.269 nan
1.9 256 nan
1.9 304.437 nan
1.9 362.039 nan
1.9 430.539 nan
1.9 512 nan
1.9 608.874 nan
1.9 724.077 nan
1.9 861.078 nan
1.9 1024 nan
1.9 1217.75 nan
1.9 1448.15 nan
1.9 1722.16 nan
1.9 2048 nan
1.9 2435.5 nan
1.9 2896.31 nan
1.9 3444.31 nan

2 1.18921 32
2 1.41421 32
2 1.68179 32
2 2 32
2 2.37841 32
2 2.82843 32
2 3.36359 32
2 4 32
2 4.75683 32
2 5.65685 32
2 6.72717 32
2 8 32
2 9.51366 32
2 11.3137 51.3539
2 13.4543 81.8793
2 16 122.759
2 19.0273 178.091
2 22.6274 257.339
2 26.9087 367.33
2 32 524.155
2 38.0546 744.46
2 45.2548 1057.13
2 53.8174 1498.14
2 64 2122.87
2 76.1093 3005.45
2 90.5097 nan
2 107.635 nan
2 128 nan
2 152.219 nan
2 181.019 nan
2 215.269 nan
2 256 nan
2 304.437 nan
2 362.039 nan
2 430.539 nan
2 512 nan
2 608.874 nan
2 724.077 nan
2 861.078 nan
2 1024 nan
2 1217.75 nan
2 1448.15 nan
2 1722.16 nan
2 2048 nan
2 2435.5 nan
2 2896.31 nan
2 3444.31 nan

2.1 1.18921 32
2.1 1.41421 32
2.1 1.68179 32
2.1 2 32
2.1 2.37841 32
2.1 2.82843 32
2.1 3.36359 32
2.1 4 32
2.1 4.75683 32
2.1 5.65685 32
2.1 6.72717 32
2.1 8 32
2.1 9.51366 32
2.1 11.3137 47.5551
2.1 13.4543 74.2681
2.1 16 107.273
2.1 19.0273 152.396
2.1 22.6274 213.201
2.1 26.9087 296.747
2.1 32 410.51
2.1 38.0546 567.024
2.1 45.2548 780.676
2.1 53.8174 1074.46
2.1 64 1476.01
2.1 76.1093 2027.56
2.1 90.5097 2782.36
2.1 107.635 3817.78
2.1 128 nan
2.1 152.219 nan
2.1 181.019 nan
2.1 215.269 nan
2.1 256 nan
2.1 304.437 nan
2.1 362.039 nan
2.1 430.539 nan
2.1 512 nan
2.1 608.874 nan
2.1 724.077 nan
2.1 861.078 nan
2.1 1024 nan
2.1 1217.75 nan
2.1 1448.15 nan
2.1 1722.16 nan
2.1 2048 nan
2.1 2435.5 nan
2.1 2896.31 nan
2.1 3444.31 nan

2.2 1.18921 32
2.2 1.41421 32
2.2 1.68179 32
2.2 2 32
2.2 2.37841 32
2.2 2.82843 32
2.2 3.36359 32
2.2 4 32
2.2 4.75683 32
2.2 5.65685 32
2.2 6.72717 32
2.2 8 32
2.2 9.51366 32
2.2 11.3137 44.5211
2.2 13.4543 68.2111
2.2 16 95.5039
2.2 19.0273 133.232
2.2 22.6274 181.386
2.2 26.9087 246.945
2.2 32 333.19
2.2 38.0546 449.018
2.2 45.2548 603.591
2.2 53.8174 809.762
2.2 64 1085.86
2.2 76.1093 1453.52
2.2 90.5097 1945.6
2.2 107.635 2601.87
2.2 128 3478.6
2.2 152.219 nan
2.2 181.019 nan
2.2 215.269 nan
2.2 256 nan
2.2 304.437 nan
2.2 362.039 nan
2.2 430.539 nan
2.2 512 nan
2.2 608.874 nan
2.2 724.077 nan
2.2 861.078 nan
2.2 1024 nan
2.2 1217.75 nan
2.2 1448.15 nan
2.2 1722.16 nan
2.2 2048 nan
2.2 2435.5 nan
2.2 2896.31 nan
2.2 3444.31 nan

2.3 1.18921 16
2.3 1.41421 16
2.3 1.68179 16
2.3 2 16
2.3 2.37841 16
2.3 2.82843 16
2.3 3.36359 16
2.3 4 16
2.3 4.75683 16
2.3 5.65685 16
2.3 6.72717 16
2.3 8 16
2.3 9.51366 16
2.3 11.3137 42.0352
2.3 13.4543 63.0586
2.3 16 86.2987
2.3 19.0273 117.693
2.3 22.6274 157.637
2.3 26.9087 209.728
2.3 32 278.254
2.3 38.0546 366.794
2.3 45.2548 483.504
2.3 53.8174 635.209
2.3 64 833.765
2.3 76.1093 1093.8
2.3 90.5097 1432.53
2.3 107.635 1876.11
2.3 128 2455.1
2.3 152.219 3211.37
2.3 181.019 nan
2.3 215.269 nan
2.3 256 nan
2.3 304.437 nan
2.3 362.039 nan
2.3 430.539 nan
2.3 512 nan
2.3 608.874 nan
2.3 724.077 nan
2.3 861.078 nan
2.3 1024 nan
2.3 1217.75 nan
2.3 1448.15 nan
2.3 1722.16 nan
2.3 2048 nan
2.3 2435.5 nan
2.3 2896.31 nan
2.3 3444.31 nan

2.4 1.18921 16
2.4 1.41421 16
2.4 1.68179 16
2.4 2 16
2.4 2.37841 16
2.4 2.82843 16
2.4 3.36359 16
2.4 4 16
2.4 4.75683 16
2.4 5.65685 16
2.4 6.72717 16
2.4 8 16
2.4 9.51366 16
2.4 11.3137 39.9548
2.4 13.4543 57.8684
2.4 16 78.9227
2.4 19.0273 105.248
2.4 22.6274 139.369
2.4 26.9087 181.814
2.4 32 237.184
2.4 38.0546 307.567
2.4 45.2548 397.871
2.4 53.8174 514.643
2.4 64 663.08
2.4 76.1093 854.315
2.4 90.5097 1100.02
2.4 107.635 1414.18
2.4 128 1818.01
2.4 152.219 2335.67
2.4 181.019 2998.84
2.4 215.269 3850.11
2.4 256 nan
2.4 304.437 nan
2.4 362.039 nan
2.4 430.539 nan
2.4 512 nan
2.4 608.874 nan
2.4 724.077 nan
2.4 861.078 nan
2.4 1024 nan
2.4 1217.75 nan
2.4 1448.15 nan
2.4 1722.16 nan
2.4 2048 nan
2.4 2435.5 nan
2.4 2896.31 nan
2.4 3444.31 nan

2.5 1.18921 16
2.5 1.41421 16
2.5 1.68179 16
2.5 2 16
2.5 2.37841 16
2.5 2.82843 16
2.5 3.36359 16
2.5 4 16
2.5 4.75683 16
2.5 5.65685 16
2.5 6.72717 16
2.5 8 16
2.5 9.51366 16
2.5 11.3137 38.1829
2.5 13.4543 53.686
2.5 16 72.8899
2.5 19.0273 95.3458
2.5 22.6274 124.72
2.5 26.9087 160.277
2.5 32 205.58
2.5 38.0546 263.447
2.5 45.2548 335.329
2.5 53.8174 426.821
2.5 64 542.771
2.5 76.1093 688.256
2.5 90.5097 872.722
2.5 107.635 1105.86
2.5 128 1399.25
2.5 152.219 1770.43
2.5 181.019 2238.99
2.5 215.269 2829.26
2.5 256 3574.92
2.5 304.437 nan
2.5 362.039 nan
2.5 430.539 nan
2.5 512 nan
2.5 608.874 nan
2.5 724.077 nan
2.5 861.078 nan
2.5 1024 nan
2.5 1217.75 nan
2.5 1448.15 nan
2.5 1722.16 nan
2.5 2048 nan
2.5 2435.5 nan
2.5 2896.31 nan
2.5 3444.31 nan

2.6 1.18921 16
2.6 1.41421 16
2.6 1.68179 16
2.6 2 16
2.6 2.37841 16
2.6 2.82843 16
2.6 3.36359 16
2.6 4 16
2.6 4.75683 16
2.6 5.65685 16
2.6 6.72717 16
2.6 8 16
2.6 9.51366 16
2.6 11.3137 36.6509
2.6 13.4543 50.245
2.6 16 67.8675
2.6 19.0273 87.3044
2.6 22.6274 112.308
2.6 26.9087 143.256
2.6 32 181.072
2.6 38.0546 228.87
2.6 45.2548 288.232
2.6 53.8174 361.779
2.6 64 454.089
2.6 76.1093 569.004
2.6 90.5097 711.662
2.6 107.635 890.074
2.6 128 1112.35
2.6 152.219 1388.32
2.6 181.019 1732.69
2.6 215.269 2161.8
2.6 256 2694.51
2.6 304.437 3358.25
2.6 362.039 nan
2.6 430.539 nan
2.6 512 nan
2.6 608.874 nan
2.6 724.077 nan
2.6 861.078 nan
2.6 1024 nan
2.6 1217.75 nan
2.6 1448.15 nan
2.6 1722.16 nan
2.6 2048 nan
2.6 2435.5 nan
2.6 2896.31 nan
2.6 3444.31 nan

2.7 1.18921 16
2.7 1.41421 16
2.7 1.68179 16
2.7 2 16
2.7 2.37841 16
2.7 2.82843 16
2.7 3.36359 16
2.7 4 16
2.7 4.75683 16
2.7 5.65685 16
2.7 6.72717 16
2.7 8 16
2.7 9.51366 16
2.7 11.3137 35.3094
2.7 13.4543 47.3633
2.7 16 63.5321
2.7 19.0273 80.657
2.7 22.6274 102.253
2.7 26.9087 129.523
2.7 32 161.633
2.7 38.0546 201.702
2.7 45.2548 251.704
2.7 53.8174 312.267
2.7 64 387.211
2.7 76.1093 480.138
2.7 90.5097 594.001
2.7 107.635 734.131
2.7 128 907.307
2.7 152.219 1120.38
2.7 181.019 1381.9
2.7 215.269 1704.4
2.7 256 2101.82
2.7 304.437 2588.99
2.7 362.039 3188.82
2.7 430.539 3927.45
2.7 512 nan
2.7 608.874 nan
2.7 724.077 nan
2.7 861.078 nan
2.7 1024 nan
2.7 1217.75 nan
2.7 1448.15 nan
2.7 1722.16 nan
2.7 2048 nan
2.7 2435.5 nan
2.7 2896.31 nan
2.7 3444.31 nan

2.8 1.18921 16
2.8 1.41421 16
2.8 1.68179 16
2.8 2 16
2.8 2.37841 16
2.8 2.82843 16
2.8 3.36359 16
2.8 4 16
2.8 4.75683 16
2.8 5.65685 16
2.8 6.72717 16
2.8 8 16
2.8 9.51366 16
2.8 11.3137 34.1216
2.8 13.4543 44.9131
2.8 16 59.1175
2.8 19.0273 75.0765
2.8 22.6274 93.9667
2.8 26.9087 117.61
2.8 32 145.909
2.8 38.0546 180.051
2.8 45.2548 222.182
2.8 53.8174 273.659
2.8 64 335.764
2.8 76.1093 411.96
2.8 90.5097 505.444
2.8 107.635 618.399
2.8 128 756.437
2.8 152.219 925.275
2.8 181.019 1130.76
2.8 215.269 1380.54
2.8 256 1685.44
2.8 304.437 2057.58
2.8 362.039 2508.94
2.8 430.539 3058.99
2.8 512 3729.45
2.8 608.874 nan
2.8 724.077 nan
2.8 861.078 nan
2.8 1024 nan
2.8 1217.75 nan
2.8 1448.15 nan
2.8 1722.16 nan
2.8 2048 nan
2.8 2435.5 nan
2.8 2896.31 nan
2.8 3444.31 nan

2.9 1.18921 16
2.9 1.41421 16
2.9 1.68179 16
2.9 2 16
2.9 2.37841 16
2.9 2.82843 16
2.9 3.36359 16
2.9 4 16
2.9 4.75683 16
2.9 5.65685 16
2.9 6.72717 16
2.9 8 16
2.9 9.51366 16
2.9 11.3137 33.0599
2.9 13.4543 42.8024
2.9 16 55.4157
2.9 19.0273 70.3275
2.9 22.6274 87.033
2.9 26.9087 107.707
2.9 32 132.969
2.9 38.0546 162.475
2.9 45.2548 198.528
2.9 53.8174 242.579
2.9 64 295.3
2.9 76.1093 358.981
2.9 90.5097 436.391
2.9 107.635 530.234
2.9 128 642.835
2.9 152.219 779.33
2.9 181.019 944.797
2.9 215.269 1144.28
2.9 256 1384.86
2.9 304.437 1675.95
2.9 362.039 2028.19
2.9 430.539 2451.93
2.9 512 2963.71
2.9 608.874 3582.08
2.9 724.077 nan
2.9 861.078 nan
2.9 1024 nan
2.9 1217.75 nan
2.9 1448.15 nan
2.9 1722.16 nan
2.9 2048 nan
2.9 2435.5 nan
2.9 2896.31 nan
2.9 3444.31 nan

3.02839 1.18921 16
3.02839 1.41421 16
3.02839 1.68179 16
3.02839 2 16
3.02839 2.37841 16
3.02839 2.82843 16
3.02839 3.36359 16
3.02839 4 16
3.02839 4.75683 16
3.02839 5.65685 16
3.02839 6.72717 16
3.02839 8 16
3.02839 9.51366 16
3.02839 11.3137 31.4037
3.02839 13.4543 40.4828
3.02839 16 51.4588
3.02839 19.0273 65.1767
3.02839 22.6274 79.6437
3.02839 26.9087 97.3216
3.02839 32 118.923
3.02839 38.0546 144.311
3.02839 45.2548 174.412
3.02839 53.8174 210.79
3.02839 64 254.756
3.02839 76.1093 306.602
3.02839 90.5097 368.952
3.02839 107.635 443.978
3.02839 128 533.99
3.02839 152.219 641.147
3.02839 181.019 769.789
3.02839 215.269 924.23
3.02839 256 1109
3.02839 304.437 1329.66
3.02839 362.039 1594.14
3.02839 430.539 1911.19
3.02839 512 2290.14
3.02839 608.874 2743.06
3.02839 724.077 3285.26
3.02839 861.078 3934.45
3.02839 1024 nan
3.02839 1217.75 nan
3.02839 1448.15 nan
3.02839 1722.16 nan
3.02839 2048 nan
3.02839 2435.5 nan
3.02839 2896.31 nan
3.02839 3444.31 nan

3.16247 1.18921 16
3.16247 1.41421 16
3.16247 1.68179 16
3.16247 2 16
3.16247 2.37841 16
3.16247 2.82843 16
3.16247 3.36359 16
3.16247 4 16
3.16247 4.75683 16
3.16247 5.65685 16
3.16247 6.72717 16
3.16247 8 16
3.16247 9.51366 16
3.16247 11.3137 27.8024
3.16247 13.4543 38.4263
3.16247 16 48.051
3.16247 19.0273 60.0863
3.16247 22.6274 73.303
3.16247 26.9087 88.5618
3.16247 32 106.997
3.16247 38.0546 129.206
3.16247 45.2548 154.648
3.16247 53.8174 185.099
3.16247 64 221.546
3.16247 76.1093 264.99
3.16247 90.5097 316.079
3.16247 107.635 377.013
3.16247 128 449.69
3.16247 152.219 536.151
3.16247 181.019 638.469
3.16247 215.269 760.292
3.16247 256 905.347
3.16247 304.437 1077.81
3.16247 362.039 1282.29
3.16247 430.539 1525.48
3.16247 512 1814.74
3.16247 608.874 2158.6
3.16247 724.077 2566.72
3.16247 861.078 3051.59
3.16247 1024 3627.79
3.16247 1217.75 nan
3.16247 1448.15 nan
3.16247 1722.16 nan
3.16247 2048 nan
3.16247 2435.5 nan
3.16247 2896.31 nan
3.16247 3444.31 nan

3.30249 1.18921 16
3.30249 1.41421 16
3.30249 1.68179 16
3.30249 2 16
3.30249 2.37841 16
3.30249 2.82843 16
3.30249 3.36359 16
3.30249 4 16
3.30249 4.75683 16
3.30249 5.65685 16
3.30249 6.72717 16
3.30249 8 16
3.30249 9.51366 16
3.30249 11.3137 25.3717
3.30249 13.4543 36.5876
3.30249 16 45.0864
3.30249 19.0273 55.5593
3.30249 22.6274 67.8063
3.30249 26.9087 81.0923
3.30249 32 96.9813
3.30249 38.0546 115.983
3.30249 45.2548 138.229
3.30249 53.8174 164.043
3.30249 64 194.677
3.30249 76.1093 231.03
3.30249 90.5097 273.905
3.30249 107.635 324.261
3.30249 128 383.869
3.30249 152.219 454.431
3.30249 181.019 537.835
3.30249 215.269 636.161
3.30249 256 752.438
3.30249 304.437 889.952
3.30249 362.039 1052.57
3.30249 430.539 1244.68
3.30249 512 1471.74
3.30249 608.874 1740.14
3.30249 724.077 2057.48
3.30249 861.078 2433.28
3.30249 1024 2877.17
3.30249 1217.75 3401.66
3.30249 1448.15 4021.54
3.30249 1722.16 nan
3.30249 2048 nan
3.30249 2435.5 nan
3.30249 2896.31 nan
3.30249 3444.31 nan

3.4487 1.18921 8
3.4487 1.41421 8
3.4487 1.68179 8
3.4487 2 8
3.4487 2.37841 8
3.4487 2.82843 8
3.4487 3.36359 8
3.4487 4 8
3.4487 4.75683 8
3.4487 5.65685 8
3.4487 6.72717 8
3.4487 8 8
3.4487 9.51366 8
3.4487 11.3137 23.6415
3.4487 13.4543 34.9308
3.4487 16 42.4836
3.4487 19.0273 51.6694
3.4487 22.6274 62.8413
3.4487 26.9087 74.6562
3.4487 32 88.4782
3.4487 38.0546 104.859
3.4487 45.2548 124.272
3.4487 53.8174 146.548
3.4487 64 172.634
3.4487 76.1093 203.362
3.4487 90.5097 239.559
3.4487 107.635 281.985
3.4487 128 331.748
3.4487 152.219 390.286
3.4487 181.019 459.151
3.4487 215.269 540.196
3.4487 256 635.591
3.4487 304.437 747.804
3.4487 362.039 879.809
3.4487 430.539 1035.16
3.4487 512 1218.74
3.4487 608.874 1434.73
3.4487 724.077 1688.9
3.4487 861.078 1988.03
3.4487 1024 2342.4
3.4487 1217.75 2759.82
3.4487 1448.15 3251.1
3.4487 1722.16 3829.53
3.4487 2048 nan
3.4487 2435.5 nan
3.4487 2896.31 nan
3.4487 3444.31 nan

3.60139 1.18921 16
3.60139 1.41421 16
3.60139 1.68179 16
3.60139 2 16
3.60139 2.37841 16
3.60139 2.82843 16
3.60139 3.36359 16
3.60139 4 16
3.60139 4.75683 16
3.60139 5.65685 16
3.60139 6.72717 16
3.60139 8 16
3.60139 9.51366 16
3.60139 11.3137 22.3598
3.60139 13.4543 33.4266
3.60139 16 40.1786
3.60139 19.0273 48.2944
3.60139 22.6274 58.0495
3.60139 26.9087 69.053
3.60139 32 81.1824
3.60139 38.0546 95.4422
3.60139 45.2548 112.206
3.60139 53.8174 131.81
3.60139 64 154.301
3.60139 76.1093 180.627
3.60139 90.5097 211.444
3.60139 107.635 247.518
3.60139 128 289.762
3.60139 152.219 339.212
3.60139 181.019 397.095
3.60139 215.269 464.851
3.60139 256 544.452
3.60139 304.437 638.181
3.60139 362.039 748.01
3.60139 430.539 876.718
3.60139 512 1027.6
3.60139 608.874 1206.58
3.60139 724.077 1416.52
3.60139 861.078 1662.86
3.60139 1024 1951.97
3.60139 1217.75 2294.97
3.60139 1448.15 2699.17
3.60139 1722.16 3173.82
3.60139 2048 3731.48
3.60139 2435.5 nan
3.60139 2896.31 nan
3.60139 3444.31 nan

3.76083 1.18921 16
3.76083 1.41421 16
3.76083 1.68179 16
3.76083 2 16
3.76083 2.37841 16
3.76083 2.82843 16
3.76083 3.36359 16
3.76083 4 16
3.76083 4.75683 16
3.76083 5.65685 16
3.76083 6.72717 16
3.76083 8 16
3.76083 9.51366 16
3.76083 11.3137 21.3805
3.76083 13.4543 32.0508
3.76083 16 38.1206
3.76083 19.0273 45.3397
3.76083 22.6274 53.9259
3.76083 26.9087 64.1232
3.76083 32 74.8562
3.76083 38.0546 87.3854
3.76083 45.2548 102.011
3.76083 53.8174 119.085
3.76083 64 138.839
3.76083 76.1093 161.687
3.76083 90.5097 188.293
3.76083 107.635 219.277
3.76083 128 255.358
3.76083 152.219 297.845
3.76083 181.019 347.401
3.76083 215.269 405.195
3.76083 256 472.6
3.76083 304.437 551.934
3.76083 362.039 645.454
3.76083 430.539 754.777
3.76083 512 882.59
3.76083 608.874 1032.19
3.76083 724.077 1210.59
3.76083 861.078 1419.55
3.76083 1024 1664.4
3.76083 1217.75 1951.39
3.76083 1448.15 2293.3
3.76083 1722.16 2696.68
3.76083 2048 3169.96
3.76083 2435.5 3725.65
3.76083 2896.31 nan
3.76083 3444.31 nan

3.92734 1.18921 16
3.92734 1.41421 16
3.92734 1.68179 16
3.92734 2 16
3.92734 2.37841 16
3.92734 2.82843 16
3.92734 3.36359 16
3.92734 4 16
3.92734 4.75683 16
3.92734 5.65685 16
3.92734 6.72717 16
3.92734 8 16
3.92734 9.51366 16
3.92734 11.3137 20.6136
3.92734 13.4543 29.4192
3.92734 16 36.2684
3.92734 19.0273 42.7308
3.92734 22.6274 50.3446
3.92734 26.9087 59.3149
3.92734 32 69.3113
3.92734 38.0546 80.4184
3.92734 45.2548 93.3051
3.92734 53.8174 108.257
3.92734 64 125.604
3.92734 76.1093 145.684
3.92734 90.5097 168.965
3.92734 107.635 195.964
3.92734 128 227.277
3.92734 152.219 263.768
3.92734 181.019 306.933
3.92734 215.269 357.151
3.92734 256 415.577
3.92734 304.437 483.558
3.92734 362.039 564.124
3.92734 430.539 659.09
3.92734 512 769.992
3.92734 608.874 899.522
3.92734 724.077 1051.59
3.92734 861.078 1233.58
3.92734 1024 1446.72
3.92734 1217.75 1696.46
3.92734 1448.15 1989.18
3.92734 1722.16 2341
3.92734 2048 2755.42
3.92734 2435.5 3241.76
3.92734 2896.31 3813.05
3.92734 3444.31 nan

4.10122 1.18921 16
4.10122 1.41421 16
4.10122 1.68179 16
4.10122 2 16
4.10122 2.37841 16
4.10122 2.82843 16
4.10122 3.36359 16
4.10122 4 16
4.10122 4.75683 16
4.10122 5.65685 16
4.10122 6.72717 16
4.10122 8 16
4.10122 9.51366 17.1096
4.10122 11.3137 21.9792
4.10122 13.4543 28.2346
4.10122 16 34.5884
4.10122 19.0273 40.4082
4.10122 22.6274 47.2072
4.10122 26.9087 55.1501
4.10122 32 64.396
4.10122 38.0546 74.3273
4.10122 45.2548 85.7898
4.10122 53.8174 99.0198
4.10122 64 114.29
4.10122 76.1093 131.966
4.10122 90.5097 152.598
4.10122 107.635 176.454
4.10122 128 204.037
4.10122 152.219 235.931
4.10122 181.019 273.435
4.10122 215.269 317.822
4.10122 256 369.401
4.10122 304.437 429.342
4.10122 362.039 499.006
4.10122 430.539 582.683
4.10122 512 680.959
4.10122 608.874 795.745
4.10122 724.077 929.842
4.10122 861.078 1088.77
4.10122 1024 1278.74
4.10122 1217.75 1501.39
4.10122 1448.15 1762.53
4.10122 1722.16 2069.72
4.10122 2048 2442.55
4.10122 2435.5 2879.68
4.10122 2896.31 3393.09
4.10122 3444.31 3996.81

4.2828 1.18921 16
4.2828 1.41421 16
4.2828 1.68179 16
4.2828 2 16
4.2828 2.37841 16
4.2828 2.82843 16
4.2828 3.36359 16
4.2828 4 16
4.2828 4.75683 16
4.2828 5.65685 16
4.2828 6.72717 16
4.2828 8 16
4.2828 9.51366 16.8883
4.2828 11.3137 21.2511
4.2828 13.4543 26.7409
4.2828 16 33.0523
4.2828 19.0273 38.3237
4.2828 22.6274 44.4357
4.2828 26.9087 51.5224
4.2828 32 59.7393
4.2828 38.0546 68.9398
4.2828 45.2548 79.2298
4.2828 53.8174 91.0552
4.2828 64 104.645
4.2828 76.1093 120.264
4.2828 90.5097 138.538
4.2828 107.635 159.892
4.2828 128 184.535
4.2828 152.219 212.975
4.2828 181.019 245.796
4.2828 215.269 285.135
4.2828 256 331.424
4.2828 304.437 385.213
4.2828 362.039 447.723
4.2828 430.539 520.766
4.2828 512 609.452
4.2828 608.874 713.118
4.2828 724.077 834.339
4.2828 861.078 976.119
4.2828 1024 1146.92
4.2828 1217.75 1349.49
4.2828 1448.15 1587.24
4.2828 1722.16 1866.5
4.2828 2048 2201.18
4.2828 2435.5 2602.98
4.2828 2896.31 3074.5
4.2828 3444.31 3628.89

4.47241 1.18921 16
4.47241 1.41421 16
4.47241 1.68179 16
4.47241 2 16
4.47241 2.37841 16
4.47241 2.82843 16
4.47241 3.36359 16
4.47241 4 16
4.47241 4.75683 16
4.47241 5.65685 16
4.47241 6.72717 16
4.47241 8 16
4.47241 9.51366 16.6624
4.47241 11.3137 20.5934
4.47241 13.4543 25.4516
4.47241 16 31.456
4.47241 19.0273 36.4373
4.47241 22.6274 41.9672
4.47241 26.9087 48.3362
4.47241 32 55.6717
4.47241 38.0546 64.1157
4.47241 45.2548 73.4354
4.47241 53.8174 84.1092
4.47241 64 96.3339
4.47241 76.1093 110.335
4.47241 90.5097 126.371
4.47241 107.635 145.637
4.47241 128 167.943
4.47241 152.219 193.663
4.47241 181.019 223.321
4.47241 215.269 257.616
4.47241 256 299.761
4.47241 304.437 348.773
4.47241 362.039 405.781
4.47241 430.539 472.097
4.47241 512 551.297
4.47241 608.874 646.413
4.47241 724.077 757.788
4.47241 861.078 888.257
4.47241 1024 1041.92
4.47241 1217.75 1229.35
4.47241 1448.15 1449.42
4.47241 1722.16 1708.13
4.47241 2048 2012.57
4.47241 2435.5 2386.69
4.47241 2896.31 2827.49
4.47241 3444.31 3345.37

4.67042 1.18921 16
4.67042 1.41421 16
4.67042 1.68179 16
4.67042 2 16
4.67042 2.37841 16
4.67042 2.82843 16
4.67042 3.36359 16
4.67042 4 16
4.67042 4.75683 16
4.67042 5.65685 16
4.67042 6.72717 16
4.67042 8 16
4.67042 9.51366 16.4337
4.67042 11.3137 19.9937
4.67042 13.4543 24.3249
4.67042 16 29.5942
4.67042 19.0273 34.7154
4.67042 22.6274 39.7498
4.67042 26.9087 45.5143
4.67042 32 52.1147
4.67042 38.0546 59.6722
4.67042 45.2548 68.2531
4.67042 53.8174 77.9783
4.67042 64 89.0887
4.67042 76.1093 101.782
4.67042 90.5097 116.283
4.67042 107.635 133.204
4.67042 128 153.636
4.67042 152.219 177.197
4.67042 181.019 204.368
4.67042 215.269 235.704
4.67042 256 273.075
4.67042 304.437 318.316
4.67042 362.039 371.021
4.67042 430.539 432.432
4.67042 512 503.997
4.67042 608.874 591.963
4.67042 724.077 695.645
4.67042 861.078 817.303
4.67042 1024 960.125
4.67042 1217.75 1132.88
4.67042 1448.15 1339.37
4.67042 1722.16 1582.19
4.67042 2048 1868.12
4.67042 2435.5 2213.58
4.67042 2896.31 2630.81
4.67042 3444.31 3121

4.8772 1.18921 16
4.8772 1.41421 16
4.8772 1.68179 16
4.8772 2 16
4.8772 2.37841 16
4.8772 2.82843 16
4.8772 3.36359 16
4.8772 4 16
4.8772 4.75683 16
4.8772 5.65685 16
4.8772 6.72717 16
4.8772 8 16
4.8772 9.51366 16.2032
4.8772 11.3137 19.4425
4.8772 13.4543 23.3293
4.8772 16 27.9931
4.8772 19.0273 33.1286
4.8772 22.6274 37.7402
4.8772 26.9087 42.9937
4.8772 32 48.9783
4.8772 38.0546 55.7959
4.8772 45.2548 63.5625
4.8772 53.8174 72.4986
4.8772 64 82.6958
4.8772 76.1093 94.3266
4.8772 90.5097 107.593
4.8772 107.635 122.725
4.8772 128 141.154
4.8772 152.219 162.981
4.8772 181.019 188.178
4.8772 215.269 217.267
4.8772 256 250.852
4.8772 304.437 292.633
4.8772 362.039 341.903
4.8772 430.539 399.431
4.8772 512 466.618
4.8772 608.874 547.097
4.8772 724.077 644.658
4.8772 861.078 759.287
4.8772 1024 894.079
4.8772 1217.75 1054.12
4.8772 1448.15 1249.97
4.8772 1722.16 1480.3
4.8772 2048 1751.56
4.8772 2435.5 2072.71
4.8772 2896.31 2469.98
4.8772 3444.31 2937.41

5.09313 1.18921 16
5.09313 1.41421 16
5.09313 1.68179 16
5.09313 2 16
5.09313 2.37841 16
5.09313 2.82843 16
5.09313 3.36359 16
5.09313 4 16
5.09313 4.75683 16
5.09313 5.65685 16
5.09313 6.72717 16
5.09313 8 16
5.09313 9.51366 16
5.09313 11.3137 18.9321
5.09313 13.4543 22.4411
5.09313 16 26.6005
5.09313 19.0273 31.5308
5.09313 22.6274 35.9014
5.09313 26.9087 40.7217
5.09313 32 46.1889
5.09313 38.0546 52.3902
5.09313 45.2548 59.424
5.09313 53.8174 67.5389
5.09313 64 76.9842
5.09313 76.1093 87.7494
5.09313 90.5097 100.02
5.09313 107.635 114.005
5.09313 128 130.169
5.09313 152.219 150.583
5.09313 181.019 174.191
5.09313 215.269 201.494
5.09313 256 233.074
5.09313 304.437 270.845
5.09313 362.039 317.319
5.09313 430.539 371.701
5.09313 512 435.361
5.09313 608.874 509.9
5.09313 724.077 602.398
5.09313 861.078 711.315
5.09313 1024 839.537
5.09313 1217.75 990.616
5.09313 1448.15 1175.95
5.09313 1722.16 1396.08
5.09313 2048 1655.44
5.09313 2435.5 1961.33
5.09313 2896.31 2336.03
5.09313 3444.31 2782.9

5.31862 1.18921 16
5.31862 1.41421 16
5.31862 1.68179 16
5.31862 2 16
5.31862 2.37841 16
5.31862 2.82843 16
5.31862 3.36359 16
5.31862 4 16
5.31862 4.75683 16
5.31862 5.65685 16
5.31862 6.72717 16
5.31862 8 16
5.31862 9.51366 16
5.31862 11.3137 18.4561
5.31862 13.4543 21.6417
5.31862 16 25.3773
5.31862 19.0273 29.7575
5.31862 22.6274 34.2016
5.31862 26.9087 38.6539
5.31862 32 43.6855
5.31862 38.0546 49.3721
5.31862 45.2548 55.7988
5.31862 53.8174 63.0621
5.31862 64 71.818
5.31862 76.1093 81.8742
5.31862 90.5097 93.3376
5.31862 107.635 106.406
5.31862 128 121.303
5.31862 152.219 139.694
5.31862 181.019 162
5.31862 215.269 187.858
5.31862 256 217.837
5.31862 304.437 252.598
5.31862 362.039 296.447
5.31862 430.539 348.219
5.31862 512 408.958
5.31862 608.874 480.244
5.31862 724.077 566.969
5.31862 861.078 671.17
5.31862 1024 793.924
5.31862 1217.75 938.685
5.31862 1448.15 1113.65
5.31862 1722.16 1324.84
5.31862 2048 1573.96
5.31862 2435.5 1868
5.31862 2896.31 2222.57
5.31862 3444.31 2650.39

5.5541 1.18921 16
5.5541 1.41421 16
5.5541 1.68179 16
5.5541 2 16
5.5541 2.37841 16
5.5541 2.82843 16
5.5541 3.36359 16
5.5541 4 16
5.5541 4.75683 16
5.5541 5.65685 16
5.5541 6.72717 16
5.5541 8 16
5.5541 9.51366 16
5.5541 11.3137 18.0089
5.5541 13.4543 20.9164
5.5541 16 24.2933
5.5541 19.0273 28.2153
5.5541 22.6274 32.6137
5.5541 26.9087 36.7526
5.5541 32 41.4165
5.5541 38.0546 46.6723
5.5541 45.2548 52.5949
5.5541 53.8174 59.269
5.5541 64 67.0913
5.5541 76.1093 76.5621
5.5541 90.5097 87.3683
5.5541 107.635 99.6988
5.5541 128 113.769
5.5541 152.219 130.092
5.5541 181.019 151.312
5.5541 215.269 175.977
5.5541 256 204.653
5.5541 304.437 237.994
5.5541 362.039 278.657
5.5541 430.539 328.228
5.5541 512 386.491
5.5541 608.874 455.011
5.5541 724.077 536.934
5.5541 861.078 637.114
5.5541 1024 755.215
5.5541 1217.75 894.566
5.5541 1448.15 1060.66
5.5541 1722.16 1263.53
5.5541 2048 1503.2
5.5541 2435.5 1786.47
5.5541 2896.31 2124.13
5.5541 3444.31 2534.58

5.8 1.18921 8
5.8 1.41421 8
5.8 1.68179 8
5.8 2 8
5.8 2.37841 8
5.8 2.82843 8
5.8 3.36359 8
5.8 4 8
5.8 4.75683 8
5.8 5.65685 8
5.8 6.72717 8
5.8 8 8
5.8 9.51366 8
5.8 11.3137 17.5859
5.8 13.4543 20.2533
5.8 16 23.3252
5.8 19.0273 26.863
5.8 22.6274 30.9373
5.8 26.9087 34.9864
5.8 32 39.3391
5.8 38.0546 44.2332
5.8 45.2548 49.7361
5.8 53.8174 55.9236
5.8 64 62.8808
5.8 76.1093 71.7075
5.8 90.5097 81.9756
5.8 107.635 93.7126
5.8 128 107.129
5.8 152.219 122.466
5.8 181.019 141.927
5.8 215.269 165.573
5.8 256 193.139
5.8 304.437 225.283
5.8 362.039 263.348
5.8 430.539 311.044
5.8 512 367.183
5.8 608.874 433.31
5.8 724.077 511.246
5.8 861.078 607.764
5.8 1024 721.728
5.8 1217.75 856.315
5.8 1448.15 1015.35
5.8 1722.16 1210.11
5.8 2048 1440.86
5.8 2435.5 1713.88
5.8 2896.31 2037.02
5.8 3444.31 2431.39

6.05679 1.18921 8
6.05679 1.41421 8
6.05679 1.68179 8
6.05679 2 8
6.05679 2.37841 8
6.05679 2.82843 8
6.05679 3.36359 8
6.05679 4 8
6.05679 4.75683 8
6.05679 5.65685 8
6.05679 6.72717 8
6.05679 8 8
6.05679 9.51366 8
6.05679 11.3137 17.184
6.05679 13.4543 19.6434
6.05679 16 22.4547
6.05679 19.0273 25.6684
6.05679 22.6274 29.342
6.05679 26.9087 33.3294
6.05679 32 37.4185
6.05679 38.0546 42.009
6.05679 45.2548 47.1626
6.05679 53.8174 52.9482
6.05679 64 59.4436
6.05679 76.1093 67.2377
6.05679 90.5097 77.0635
6.05679 107.635 88.3227
6.05679 128 101.225
6.05679 152.219 116.012
6.05679 181.019 133.729
6.05679 215.269 156.445
6.05679 256 182.983
6.05679 304.437 213.999
6.05679 362.039 250.259
6.05679 430.539 295.863
6.05679 512 350.172
6.05679 608.874 414.099
6.05679 724.077 489.526
6.05679 861.078 581.652
6.05679 1024 691.827
6.05679 1217.75 822.155
6.05679 1448.15 976.354
6.05679 1722.16 1162.87
6.05679 2048 1385.27
6.05679 2435.5 1648.56
6.05679 2896.31 1960.38
6.05679 3444.31 2338.1

