# T0 = 100
# mxlib uncomp [dev]: 15c346a9a22d5b28a2224372f9d9f720bd775978
# mxlib comp [dev]: 38139e97f9e4c035fd45e2571fd22f6c821a6b80
# pointingEnv [main]: 3cf5ddfc1a0da1f0a303c92d477776fbd28ce3a2
1 1.18921 0.5
1 1.41421 0.5
1 1.68179 0.5
1 2 0.5
1 2.37841 0.5
1 2.82843 0.5
1 3.36359 0.5
1 4 0.5
1 4.75683 0.5
1 5.65685 0.5
1 6.72717 0.5
1 8 0.5
1 9.51366 0.5
1 11.3137 3.52815
1 13.4543 39.3506
1 16 1128.15
1 19.0273 nan
1 22.6274 nan
1 26.9087 nan
1 32 nan
1 38.0546 nan
1 45.2548 nan
1 53.8174 nan
1 64 nan
1 76.1093 nan
1 90.5097 nan
1 107.635 nan
1 128 nan
1 152.219 nan
1 181.019 nan
1 215.269 nan
1 256 nan
1 304.437 nan
1 362.039 nan
1 430.539 nan
1 512 nan
1 608.874 nan
1 724.077 nan
1 861.078 nan
1 1024 nan
1 1217.75 nan
1 1448.15 nan
1 1722.16 nan
1 2048 nan
1 2435.5 nan
1 2896.31 nan
1 3444.31 nan

1.1 1.18921 0.5
1.1 1.41421 0.5
1.1 1.68179 0.5
1.1 2 0.5
1.1 2.37841 0.5
1.1 2.82843 0.5
1.1 3.36359 0.5
1.1 4 0.5
1.1 4.75683 0.5
1.1 5.65685 0.5
1.1 6.72717 0.5
1.1 8 0.5
1.1 9.51366 0.5
1.1 11.3137 2.24623
1.1 13.4543 11.4163
1.1 16 74.005
1.1 19.0273 640.826
1.1 22.6274 nan
1.1 26.9087 nan
1.1 32 nan
1.1 38.0546 nan
1.1 45.2548 nan
1.1 53.8174 nan
1.1 64 nan
1.1 76.1093 nan
1.1 90.5097 nan
1.1 107.635 nan
1.1 128 nan
1.1 152.219 nan
1.1 181.019 nan
1.1 215.269 nan
1.1 256 nan
1.1 304.437 nan
1.1 362.039 nan
1.1 430.539 nan
1.1 512 nan
1.1 608.874 nan
1.1 724.077 nan
1.1 861.078 nan
1.1 1024 nan
1.1 1217.75 nan
1.1 1448.15 nan
1.1 1722.16 nan
1.1 2048 nan
1.1 2435.5 nan
1.1 2896.31 nan
1.1 3444.31 nan

1.2 1.18921 0.5
1.2 1.41421 0.5
1.2 1.68179 0.5
1.2 2 0.5
1.2 2.37841 0.5
1.2 2.82843 0.5
1.2 3.36359 0.5
1.2 4 0.5
1.2 4.75683 0.5
1.2 5.65685 0.5
1.2 6.72717 0.5
1.2 8 0.5
1.2 9.51366 0.5
1.2 11.3137 1.61999
1.2 13.4543 5.56344
1.2 16 20.2643
1.2 19.0273 81.2006
1.2 22.6274 354.252
1.2 26.9087 1653.96
1.2 32 nan
1.2 38.0546 nan
1.2 45.2548 nan
1.2 53.8174 nan
1.2 64 nan
1.2 76.1093 nan
1.2 90.5097 nan
1.2 107.635 nan
1.2 128 nan
1.2 152.219 nan
1.2 181.019 nan
1.2 215.269 nan
1.2 256 nan
1.2 304.437 nan
1.2 362.039 nan
1.2 430.539 nan
1.2 512 nan
1.2 608.874 nan
1.2 724.077 nan
1.2 861.078 nan
1.2 1024 nan
1.2 1217.75 nan
1.2 1448.15 nan
1.2 1722.16 nan
1.2 2048 nan
1.2 2435.5 nan
1.2 2896.31 nan
1.2 3444.31 nan

1.3 1.18921 0.5
1.3 1.41421 0.5
1.3 1.68179 0.5
1.3 2 0.5
1.3 2.37841 0.5
1.3 2.82843 0.5
1.3 3.36359 0.5
1.3 4 0.5
1.3 4.75683 0.5
1.3 5.65685 0.5
1.3 6.72717 0.5
1.3 8 0.5
1.3 9.51366 0.5
1.3 11.3137 1.26725
1.3 13.4543 3.4277
1.3 16 9.21908
1.3 19.0273 25.6104
1.3 22.6274 73.4838
1.3 26.9087 216.79
1.3 32 652.835
1.3 38.0546 1995.52
1.3 45.2548 nan
1.3 53.8174 nan
1.3 64 nan
1.3 76.1093 nan
1.3 90.5097 nan
1.3 107.635 nan
1.3 128 nan
1.3 152.219 nan
1.3 181.019 nan
1.3 215.269 nan
1.3 256 nan
1.3 304.437 nan
1.3 362.039 nan
1.3 430.539 nan
1.3 512 nan
1.3 608.874 nan
1.3 724.077 nan
1.3 861.078 nan
1.3 1024 nan
1.3 1217.75 nan
1.3 1448.15 nan
1.3 1722.16 nan
1.3 2048 nan
1.3 2435.5 nan
1.3 2896.31 nan
1.3 3444.31 nan

1.4 1.18921 0.5
1.4 1.41421 0.5
1.4 1.68179 0.5
1.4 2 0.5
1.4 2.37841 0.5
1.4 2.82843 0.5
1.4 3.36359 0.5
1.4 4 0.5
1.4 4.75683 0.5
1.4 5.65685 0.5
1.4 6.72717 0.5
1.4 8 0.5
1.4 9.51366 0.5
1.4 11.3137 1.04914
1.4 13.4543 2.40871
1.4 16 5.37961
1.4 19.0273 12.0771
1.4 22.6274 27.4356
1.4 26.9087 63.043
1.4 32 146.358
1.4 38.0546 342.089
1.4 45.2548 803.578
1.4 53.8174 1894.83
1.4 64 nan
1.4 76.1093 nan
1.4 90.5097 nan
1.4 107.635 nan
1.4 128 nan
1.4 152.219 nan
1.4 181.019 nan
1.4 215.269 nan
1.4 256 nan
1.4 304.437 nan
1.4 362.039 nan
1.4 430.539 nan
1.4 512 nan
1.4 608.874 nan
1.4 724.077 nan
1.4 861.078 nan
1.4 1024 nan
1.4 1217.75 nan
1.4 1448.15 nan
1.4 1722.16 nan
1.4 2048 nan
1.4 2435.5 nan
1.4 2896.31 nan
1.4 3444.31 nan

1.5 1.18921 0.25
1.5 1.41421 0.25
1.5 1.68179 0.25
1.5 2 0.25
1.5 2.37841 0.25
1.5 2.82843 0.25
1.5 3.36359 0.25
1.5 4 0.25
1.5 4.75683 0.25
1.5 5.65685 0.25
1.5 6.72717 0.25
1.5 8 0.25
1.5 9.51366 0.25
1.5 11.3137 0.88365
1.5 13.4543 1.83262
1.5 16 3.61364
1.5 19.0273 7.06983
1.5 22.6274 13.8558
1.5 26.9087 27.2642
1.5 32 53.8618
1.5 38.0546 106.758
1.5 45.2548 212.139
1.5 53.8174 422.345
1.5 64 842.047
1.5 76.1093 1680.75
1.5 90.5097 3358.34
1.5 107.635 nan
1.5 128 nan
1.5 152.219 nan
1.5 181.019 nan
1.5 215.269 nan
1.5 256 nan
1.5 304.437 nan
1.5 362.039 nan
1.5 430.539 nan
1.5 512 nan
1.5 608.874 nan
1.5 724.077 nan
1.5 861.078 nan
1.5 1024 nan
1.5 1217.75 nan
1.5 1448.15 nan
1.5 1722.16 nan
1.5 2048 nan
1.5 2435.5 nan
1.5 2896.31 nan
1.5 3444.31 nan

1.6 1.18921 0.25
1.6 1.41421 0.25
1.6 1.68179 0.25
1.6 2 0.25
1.6 2.37841 0.25
1.6 2.82843 0.25
1.6 3.36359 0.25
1.6 4 0.25
1.6 4.75683 0.25
1.6 5.65685 0.25
1.6 6.72717 0.25
1.6 8 0.25
1.6 9.51366 0.25
1.6 11.3137 0.764831
1.6 13.4543 1.4673
1.6 16 2.65426
1.6 19.0273 4.72181
1.6 22.6274 8.35983
1.6 26.9087 14.7963
1.6 32 26.2179
1.6 38.0546 46.5086
1.6 45.2548 82.5888
1.6 53.8174 146.788
1.6 64 261.075
1.6 76.1093 464.639
1.6 90.5097 827.277
1.6 107.635 1473.5
1.6 128 2625.56
1.6 152.219 nan
1.6 181.019 nan
1.6 215.269 nan
1.6 256 nan
1.6 304.437 nan
1.6 362.039 nan
1.6 430.539 nan
1.6 512 nan
1.6 608.874 nan
1.6 724.077 nan
1.6 861.078 nan
1.6 1024 nan
1.6 1217.75 nan
1.6 1448.15 nan
1.6 1722.16 nan
1.6 2048 nan
1.6 2435.5 nan
1.6 2896.31 nan
1.6 3444.31 nan

1.7 1.18921 0.25
1.7 1.41421 0.25
1.7 1.68179 0.25
1.7 2 0.25
1.7 2.37841 0.25
1.7 2.82843 0.25
1.7 3.36359 0.25
1.7 4 0.25
1.7 4.75683 0.25
1.7 5.65685 0.25
1.7 6.72717 0.25
1.7 8 0.25
1.7 9.51366 0.25
1.7 11.3137 0.680243
1.7 13.4543 1.22611
1.7 16 2.07661
1.7 19.0273 3.43466
1.7 22.6274 5.65132
1.7 26.9087 9.27229
1.7 32 15.193
1.7 38.0546 24.8905
1.7 45.2548 40.7831
1.7 53.8174 66.8351
1.7 64 109.564
1.7 76.1093 179.648
1.7 90.5097 294.608
1.7 107.635 483.206
1.7 128 792.702
1.7 152.219 1300.61
1.7 181.019 2134.13
1.7 215.269 3503.12
1.7 256 nan
1.7 304.437 nan
1.7 362.039 nan
1.7 430.539 nan
1.7 512 nan
1.7 608.874 nan
1.7 724.077 nan
1.7 861.078 nan
1.7 1024 nan
1.7 1217.75 nan
1.7 1448.15 nan
1.7 1722.16 nan
1.7 2048 nan
1.7 2435.5 nan
1.7 2896.31 nan
1.7 3444.31 nan

1.8 1.18921 0.25
1.8 1.41421 0.25
1.8 1.68179 0.25
1.8 2 0.25
1.8 2.37841 0.25
1.8 2.82843 0.25
1.8 3.36359 0.25
1.8 4 0.25
1.8 4.75683 0.25
1.8 5.65685 0.25
1.8 6.72717 0.25
1.8 8 0.25
1.8 9.51366 0.25
1.8 11.3137 0.6171
1.8 13.4543 1.05731
1.8 16 1.68667
1.8 19.0273 2.65219
1.8 22.6274 4.13374
1.8 26.9087 6.39827
1.8 32 9.89072
1.8 38.0546 15.2691
1.8 45.2548 23.554
1.8 53.8174 36.328
1.8 64 56.0201
1.8 76.1093 86.385
1.8 90.5097 133.207
1.8 107.635 205.417
1.8 128 316.782
1.8 152.219 488.526
1.8 181.019 753.472
1.8 215.269 1162.14
1.8 256 1792.61
1.8 304.437 2765.87
1.8 362.039 nan
1.8 430.539 nan
1.8 512 nan
1.8 608.874 nan
1.8 724.077 nan
1.8 861.078 nan
1.8 1024 nan
1.8 1217.75 nan
1.8 1448.15 nan
1.8 1722.16 nan
1.8 2048 nan
1.8 2435.5 nan
1.8 2896.31 nan
1.8 3444.31 nan

1.9 1.18921 0.25
1.9 1.41421 0.25
1.9 1.68179 0.25
1.9 2 0.25
1.9 2.37841 0.25
1.9 2.82843 0.25
1.9 3.36359 0.25
1.9 4 0.25
1.9 4.75683 0.25
1.9 5.65685 0.25
1.9 6.72717 0.25
1.9 8 0.25
1.9 9.51366 0.25
1.9 11.3137 0.568159
1.9 13.4543 0.923155
1.9 16 1.41708
1.9 19.0273 2.14352
1.9 22.6274 3.18908
1.9 26.9087 4.72993
1.9 32 6.98636
1.9 38.0546 10.2999
1.9 45.2548 15.1697
1.9 53.8174 22.3189
1.9 64 32.8309
1.9 76.1093 48.271
1.9 90.5097 70.9685
1.9 107.635 104.322
1.9 128 153.346
1.9 152.219 225.397
1.9 181.019 331.305
1.9 215.269 486.958
1.9 256 715.8
1.9 304.437 1052.13
1.9 362.039 1546.76
1.9 430.539 2273.97
1.9 512 3343.6
1.9 608.874 nan
1.9 724.077 nan
1.9 861.078 nan
1.9 1024 nan
1.9 1217.75 nan
1.9 1448.15 nan
1.9 1722.16 nan
1.9 2048 nan
1.9 2435.5 nan
1.9 2896.31 nan
1.9 3444.31 nan

2 1.18921 0.25
2 1.41421 0.25
2 1.68179 0.25
2 2 0.25
2 2.37841 0.25
2 2.82843 0.25
2 3.36359 0.25
2 4 0.25
2 4.75683 0.25
2 5.65685 0.25
2 6.72717 0.25
2 8 0.25
2 9.51366 0.25
2 11.3137 0.529052
2 13.4543 0.817088
2 16 1.22346
2 19.0273 1.78335
2 22.6274 2.56744
2 26.9087 3.6763
2 32 5.23667
2 38.0546 7.44738
2 45.2548 10.5665
2 53.8174 14.9831
2 64 21.2222
2 76.1093 30.0515
2 90.5097 42.5317
2 107.635 60.1875
2 128 85.1511
2 152.219 120.461
2 181.019 170.394
2 215.269 241.015
2 256 340.9
2 304.437 482.156
2 362.039 681.989
2 430.539 964.57
2 512 1364.48
2 608.874 1929.92
2 724.077 2730.75
2 861.078 3862.77
2 1024 nan
2 1217.75 nan
2 1448.15 nan
2 1722.16 nan
2 2048 nan
2 2435.5 nan
2 2896.31 nan
2 3444.31 nan

2.1 1.18921 0.25
2.1 1.41421 0.25
2.1 1.68179 0.25
2.1 2 0.25
2.1 2.37841 0.25
2.1 2.82843 0.25
2.1 3.36359 0.25
2.1 4 0.25
2.1 4.75683 0.25
2.1 5.65685 0.25
2.1 6.72717 0.25
2.1 8 0.25
2.1 9.51366 0.25
2.1 11.3137 0.492779
2.1 13.4543 0.736295
2.1 16 1.07885
2.1 19.0273 1.52071
2.1 22.6274 2.13667
2.1 26.9087 2.96435
2.1 32 4.11041
2.1 38.0546 5.66643
2.1 45.2548 7.81148
2.1 53.8174 10.7395
2.1 64 14.7617
2.1 76.1093 20.2686
2.1 90.5097 27.8196
2.1 107.635 38.1678
2.1 128 52.348
2.1 152.219 71.7864
2.1 181.019 98.4186
2.1 215.269 134.926
2.1 256 184.947
2.1 304.437 253.506
2.1 362.039 347.463
2.1 430.539 476.219
2.1 512 652.722
2.1 608.874 894.575
2.1 724.077 1226.19
2.1 861.078 1680.64
2.1 1024 2303.82
2.1 1217.75 3158.36
2.1 1448.15 nan
2.1 1722.16 nan
2.1 2048 nan
2.1 2435.5 nan
2.1 2896.31 nan
2.1 3444.31 nan

2.2 1.18921 0.25
2.2 1.41421 0.25
2.2 1.68179 0.25
2.2 2 0.25
2.2 2.37841 0.25
2.2 2.82843 0.25
2.2 3.36359 0.25
2.2 4 0.25
2.2 4.75683 0.25
2.2 5.65685 0.25
2.2 6.72717 0.25
2.2 8 0.25
2.2 9.51366 0.25
2.2 11.3137 0.437085
2.2 13.4543 0.672877
2.2 16 0.962919
2.2 19.0273 1.32575
2.2 22.6274 1.81701
2.2 26.9087 2.46582
2.2 32 3.33188
2.2 38.0546 4.49163
2.2 45.2548 6.03329
2.2 53.8174 8.10309
2.2 64 10.8532
2.2 76.1093 14.5367
2.2 90.5097 19.4508
2.2 107.635 26.0132
2.2 128 34.7815
2.2 152.219 46.4782
2.2 181.019 62.1081
2.2 215.269 82.9608
2.2 256 110.808
2.2 304.437 147.986
2.2 362.039 197.612
2.2 430.539 263.874
2.2 512 352.324
2.2 608.874 470.4
2.2 724.077 628.07
2.2 861.078 838.528
2.2 1024 1119.55
2.2 1217.75 1494.85
2.2 1448.15 1995.61
2.2 1722.16 2665.41
2.2 2048 3558.78
2.2 2435.5 nan
2.2 2896.31 nan
2.2 3444.31 nan

2.3 1.18921 0.25
2.3 1.41421 0.25
2.3 1.68179 0.25
2.3 2 0.25
2.3 2.37841 0.25
2.3 2.82843 0.25
2.3 3.36359 0.25
2.3 4 0.25
2.3 4.75683 0.25
2.3 5.65685 0.25
2.3 6.72717 0.25
2.3 8 0.25
2.3 9.51366 0.251315
2.3 11.3137 0.420282
2.3 13.4543 0.621836
2.3 16 0.864341
2.3 19.0273 1.17636
2.3 22.6274 1.57443
2.3 26.9087 2.10239
2.3 32 2.77814
2.3 38.0546 3.6711
2.3 45.2548 4.83256
2.3 53.8174 6.3507
2.3 64 8.34214
2.3 76.1093 10.9323
2.3 90.5097 14.3266
2.3 107.635 18.7578
2.3 128 24.544
2.3 152.219 32.1147
2.3 181.019 41.9839
2.3 215.269 54.8855
2.3 256 71.7361
2.3 304.437 93.7314
2.3 362.039 122.47
2.3 430.539 159.981
2.3 512 208.966
2.3 608.874 272.941
2.3 724.077 356.461
2.3 861.078 465.516
2.3 1024 607.947
2.3 1217.75 793.896
2.3 1448.15 1036.66
2.3 1722.16 1353.93
2.3 2048 1767.94
2.3 2435.5 2309.08
2.3 2896.31 3015.93
2.3 3444.31 3937.88

2.4 1.18921 0.25
2.4 1.41421 0.25
2.4 1.68179 0.25
2.4 2 0.25
2.4 2.37841 0.25
2.4 2.82843 0.25
2.4 3.36359 0.25
2.4 4 0.25
2.4 4.75683 0.25
2.4 5.65685 0.25
2.4 6.72717 0.25
2.4 8 0.25
2.4 9.51366 0.25
2.4 11.3137 0.394508
2.4 13.4543 0.57988
2.4 16 0.786322
2.4 19.0273 1.05879
2.4 22.6274 1.38863
2.4 26.9087 1.82122
2.4 32 2.37065
2.4 38.0546 3.07359
2.4 45.2548 3.98498
2.4 53.8174 5.14052
2.4 64 6.63063
2.4 76.1093 8.54663
2.4 90.5097 10.9943
2.4 107.635 14.1429
2.4 128 18.1787
2.4 152.219 23.3482
2.4 181.019 29.9876
2.4 215.269 38.4877
2.4 256 49.3847
2.4 304.437 63.3666
2.4 362.039 81.261
2.4 430.539 104.205
2.4 512 133.618
2.4 608.874 171.282
2.4 724.077 219.558
2.4 861.078 281.42
2.4 1024 360.662
2.4 1217.75 462.197
2.4 1448.15 592.316
2.4 1722.16 758.999
2.4 2048 972.51
2.4 2435.5 1246.31
2.4 2896.31 1596.93
2.4 3444.31 2045.92

2.5 1.18921 0.25
2.5 1.41421 0.25
2.5 1.68179 0.25
2.5 2 0.25
2.5 2.37841 0.25
2.5 2.82843 0.25
2.5 3.36359 0.25
2.5 4 0.25
2.5 4.75683 0.25
2.5 5.65685 0.25
2.5 6.72717 0.25
2.5 8 0.25
2.5 9.51366 0.25
2.5 11.3137 0.37346
2.5 13.4543 0.544765
2.5 16 0.723192
2.5 19.0273 0.960059
2.5 22.6274 1.24262
2.5 26.9087 1.60151
2.5 32 2.06138
2.5 38.0546 2.62926
2.5 45.2548 3.35359
2.5 53.8174 4.27183
2.5 64 5.42269
2.5 76.1093 6.88361
2.5 90.5097 8.72964
2.5 107.635 11.0525
2.5 128 13.9934
2.5 152.219 17.7046
2.5 181.019 22.3798
2.5 215.269 28.2895
2.5 256 35.7424
2.5 304.437 45.1342
2.5 362.039 56.9935
2.5 430.539 71.9447
2.5 512 90.7869
2.5 608.874 114.563
2.5 724.077 144.533
2.5 861.078 182.302
2.5 1024 229.936
2.5 1217.75 289.981
2.5 1448.15 365.649
2.5 1722.16 461.042
2.5 2048 581.309
2.5 2435.5 732.867
2.5 2896.31 923.859
2.5 3444.31 1164.77

2.6 1.18921 0.25
2.6 1.41421 0.25
2.6 1.68179 0.25
2.6 2 0.25
2.6 2.37841 0.25
2.6 2.82843 0.25
2.6 3.36359 0.25
2.6 4 0.25
2.6 4.75683 0.25
2.6 5.65685 0.25
2.6 6.72717 0.25
2.6 8 0.25
2.6 9.51366 0.25
2.6 11.3137 0.355894
2.6 13.4543 0.514917
2.6 16 0.671134
2.6 19.0273 0.874744
2.6 22.6274 1.12533
2.6 26.9087 1.42854
2.6 32 1.81344
2.6 38.0546 2.28932
2.6 45.2548 2.87895
2.6 53.8174 3.62043
2.6 64 4.54153
2.6 76.1093 5.68599
2.6 90.5097 7.11886
2.6 107.635 8.90203
2.6 128 11.1173
2.6 152.219 13.8838
2.6 181.019 17.3288
2.6 215.269 21.6063
2.6 256 26.9398
2.6 304.437 33.5817
2.6 362.039 41.8259
2.6 430.539 52.0936
2.6 512 64.8787
2.6 608.874 80.7452
2.6 724.077 100.49
2.6 861.078 125.063
2.6 1024 155.574
2.6 1217.75 193.512
2.6 1448.15 240.697
2.6 1722.16 299.324
2.6 2048 372.177
2.6 2435.5 462.742
2.6 2896.31 575.319
2.6 3444.31 715.182

2.7 1.18921 0.25
2.7 1.41421 0.25
2.7 1.68179 0.25
2.7 2 0.25
2.7 2.37841 0.25
2.7 2.82843 0.25
2.7 3.36359 0.25
2.7 4 0.25
2.7 4.75683 0.25
2.7 5.65685 0.25
2.7 6.72717 0.25
2.7 8 0.25
2.7 9.51366 0.25
2.7 11.3137 0.340964
2.7 13.4543 0.484802
2.7 16 0.627499
2.7 19.0273 0.804895
2.7 22.6274 1.02932
2.7 26.9087 1.28949
2.7 32 1.61542
2.7 38.0546 2.02284
2.7 45.2548 2.51269
2.7 53.8174 3.12117
2.7 64 3.877
2.7 76.1093 4.79909
2.7 90.5097 5.93698
2.7 107.635 7.34467
2.7 128 9.07314
2.7 152.219 11.1976
2.7 181.019 13.8195
2.7 215.269 17.0471
2.7 256 21.0053
2.7 304.437 25.8825
2.7 362.039 31.8921
2.7 430.539 39.2541
2.7 512 48.3143
2.7 608.874 59.4653
2.7 724.077 73.1521
2.7 861.078 89.9622
2.7 1024 110.634
2.7 1217.75 136.033
2.7 1448.15 167.192
2.7 1722.16 205.482
2.7 2048 252.537
2.7 2435.5 310.262
2.7 2896.31 381.144
2.7 3444.31 468.201

2.8 1.18921 0.25
2.8 1.41421 0.25
2.8 1.68179 0.25
2.8 2 0.25
2.8 2.37841 0.25
2.8 2.82843 0.25
2.8 3.36359 0.25
2.8 4 0.25
2.8 4.75683 0.25
2.8 5.65685 0.25
2.8 6.72717 0.25
2.8 8 0.25
2.8 9.51366 0.25
2.8 11.3137 0.328077
2.8 13.4543 0.454511
2.8 16 0.590401
2.8 19.0273 0.746761
2.8 22.6274 0.944531
2.8 26.9087 1.17566
2.8 32 1.45583
2.8 38.0546 1.80278
2.8 45.2548 2.22364
2.8 53.8174 2.73257
2.8 64 3.35799
2.8 76.1093 4.12423
2.8 90.5097 5.04937
2.8 107.635 6.18202
2.8 128 7.56874
2.8 152.219 9.25152
2.8 181.019 11.3015
2.8 215.269 13.8057
2.8 256 16.8581
2.8 304.437 20.5622
2.8 362.039 25.0801
2.8 430.539 30.5906
2.8 512 37.28
2.8 608.874 45.4203
2.8 724.077 55.3378
2.8 861.078 67.4059
2.8 1024 82.0551
2.8 1217.75 99.8862
2.8 1448.15 121.591
2.8 1722.16 147.945
2.8 2048 179.977
2.8 2435.5 218.937
2.8 2896.31 266.309
2.8 3444.31 323.814

2.9 1.18921 0.25
2.9 1.41421 0.25
2.9 1.68179 0.25
2.9 2 0.25
2.9 2.37841 0.25
2.9 2.82843 0.25
2.9 3.36359 0.25
2.9 4 0.25
2.9 4.75683 0.25
2.9 5.65685 0.25
2.9 6.72717 0.25
2.9 8 0.25
2.9 9.51366 0.25
2.9 11.3137 0.316807
2.9 13.4543 0.429173
2.9 16 0.558463
2.9 19.0273 0.69768
2.9 22.6274 0.871602
2.9 26.9087 1.08098
2.9 32 1.32498
2.9 38.0546 1.62405
2.9 45.2548 1.99064
2.9 53.8174 2.42371
2.9 64 2.95054
2.9 76.1093 3.59187
2.9 90.5097 4.36603
2.9 107.635 5.29738
2.9 128 6.42741
2.9 152.219 7.79848
2.9 181.019 9.44543
2.9 215.269 11.4371
2.9 256 13.8488
2.9 304.437 16.7631
2.9 362.039 20.2693
2.9 430.539 24.5087
2.9 512 29.6346
2.9 608.874 35.8104
2.9 724.077 43.2545
2.9 861.078 52.2455
2.9 1024 63.1053
2.9 1217.75 76.1659
2.9 1448.15 91.922
2.9 1722.16 110.936
2.9 2048 133.864
2.9 2435.5 161.453
2.9 2896.31 194.719
2.9 3444.31 234.836

3.02839 1.18921 0.25
3.02839 1.41421 0.25
3.02839 1.68179 0.25
3.02839 2 0.25
3.02839 2.37841 0.25
3.02839 2.82843 0.25
3.02839 3.36359 0.25
3.02839 4 0.25
3.02839 4.75683 0.25
3.02839 5.65685 0.25
3.02839 6.72717 0.25
3.02839 8 0.25
3.02839 9.51366 0.25
3.02839 11.3137 0.304213
3.02839 13.4543 0.402119
3.02839 16 0.523407
3.02839 19.0273 0.644889
3.02839 22.6274 0.794566
3.02839 26.9087 0.978984
3.02839 32 1.18836
3.02839 38.0546 1.44009
3.02839 45.2548 1.74514
3.02839 53.8174 2.11123
3.02839 64 2.54357
3.02839 76.1093 3.06444
3.02839 90.5097 3.69198
3.02839 107.635 4.441
3.02839 128 5.33562
3.02839 152.219 6.41045
3.02839 181.019 7.7018
3.02839 215.269 9.24108
3.02839 256 11.0842
3.02839 304.437 13.2948
3.02839 362.039 15.9463
3.02839 430.539 19.1051
3.02839 512 22.8889
3.02839 608.874 27.422
3.02839 724.077 32.8488
3.02839 861.078 39.3206
3.02839 1024 47.0668
3.02839 1217.75 56.3387
3.02839 1448.15 67.4244
3.02839 1722.16 80.653
3.02839 2048 96.4748
3.02839 2435.5 115.399
3.02839 2896.31 138.008
3.02839 3444.31 164.996

3.16247 1.18921 0.25
3.16247 1.41421 0.25
3.16247 1.68179 0.25
3.16247 2 0.25
3.16247 2.37841 0.25
3.16247 2.82843 0.25
3.16247 3.36359 0.25
3.16247 4 0.25
3.16247 4.75683 0.25
3.16247 5.65685 0.25
3.16247 6.72717 0.25
3.16247 8 0.25
3.16247 9.51366 0.25
3.16247 11.3137 0.292838
3.16247 13.4543 0.37881
3.16247 16 0.490022
3.16247 19.0273 0.599152
3.16247 22.6274 0.729088
3.16247 26.9087 0.887202
3.16247 32 1.0736
3.16247 38.0546 1.28787
3.16247 45.2548 1.5449
3.16247 53.8174 1.85323
3.16247 64 2.21695
3.16247 76.1093 2.64674
3.16247 90.5097 3.15987
3.16247 107.635 3.77246
3.16247 128 4.49751
3.16247 152.219 5.35819
3.16247 181.019 6.38357
3.16247 215.269 7.60517
3.16247 256 9.0531
3.16247 304.437 10.7731
3.16247 362.039 12.8198
3.16247 430.539 15.2553
3.16247 512 18.1439
3.16247 608.874 21.5749
3.16247 724.077 25.6546
3.16247 861.078 30.5056
3.16247 1024 36.261
3.16247 1217.75 43.0957
3.16247 1448.15 51.2181
3.16247 1722.16 60.8711
3.16247 2048 72.327
3.16247 2435.5 85.9281
3.16247 2896.31 102.085
3.16247 3444.31 121.278

3.30249 1.18921 0.25
3.30249 1.41421 0.25
3.30249 1.68179 0.25
3.30249 2 0.25
3.30249 2.37841 0.25
3.30249 2.82843 0.25
3.30249 3.36359 0.25
3.30249 4 0.25
3.30249 4.75683 0.25
3.30249 5.65685 0.25
3.30249 6.72717 0.25
3.30249 8 0.25
3.30249 9.51366 0.25
3.30249 11.3137 0.282478
3.30249 13.4543 0.358498
3.30249 16 0.454977
3.30249 19.0273 0.559155
3.30249 22.6274 0.67286
3.30249 26.9087 0.809687
3.30249 32 0.974338
3.30249 38.0546 1.16031
3.30249 45.2548 1.37942
3.30249 53.8174 1.63991
3.30249 64 1.94959
3.30249 76.1093 2.31059
3.30249 90.5097 2.73697
3.30249 107.635 3.24203
3.30249 128 3.8403
3.30249 152.219 4.54459
3.30249 181.019 5.37639
3.30249 215.269 6.36043
3.30249 256 7.52458
3.30249 304.437 8.89917
3.30249 362.039 10.523
3.30249 430.539 12.4432
3.30249 512 14.7137
3.30249 608.874 17.3975
3.30249 724.077 20.5693
3.30249 861.078 24.3193
3.30249 1024 28.7528
3.30249 1217.75 33.9954
3.30249 1448.15 40.1952
3.30249 1722.16 47.5248
3.30249 2048 56.1905
3.30249 2435.5 66.4396
3.30249 2896.31 78.5695
3.30249 3444.31 92.9101

3.4487 1.18921 0.25
3.4487 1.41421 0.25
3.4487 1.68179 0.25
3.4487 2 0.25
3.4487 2.37841 0.25
3.4487 2.82843 0.25
3.4487 3.36359 0.25
3.4487 4 0.25
3.4487 4.75683 0.25
3.4487 5.65685 0.25
3.4487 6.72717 0.25
3.4487 8 0.25
3.4487 9.51366 0.25
3.4487 11.3137 0.272971
3.4487 13.4543 0.340617
3.4487 16 0.425026
3.4487 19.0273 0.523857
3.4487 22.6274 0.624105
3.4487 26.9087 0.743537
3.4487 32 0.885824
3.4487 38.0546 1.05209
3.4487 45.2548 1.24093
3.4487 53.8174 1.46367
3.4487 64 1.72639
3.4487 76.1093 2.03574
3.4487 90.5097 2.39548
3.4487 107.635 2.81879
3.4487 128 3.3169
3.4487 152.219 3.90304
3.4487 181.019 4.59177
3.4487 215.269 5.4018
3.4487 256 6.35474
3.4487 304.437 7.47577
3.4487 362.039 8.79675
3.4487 430.539 10.3529
3.4487 512 12.1844
3.4487 608.874 14.3398
3.4487 724.077 16.8803
3.4487 861.078 19.8799
3.4487 1024 23.4123
3.4487 1217.75 27.5722
3.4487 1448.15 32.4736
3.4487 1722.16 38.2743
3.4487 2048 45.1099
3.4487 2435.5 53.1655
3.4487 2896.31 62.6593
3.4487 3444.31 73.9067

3.60139 1.18921 0.25
3.60139 1.41421 0.25
3.60139 1.68179 0.25
3.60139 2 0.25
3.60139 2.37841 0.25
3.60139 2.82843 0.25
3.60139 3.36359 0.25
3.60139 4 0.25
3.60139 4.75683 0.25
3.60139 5.65685 0.25
3.60139 6.72717 0.25
3.60139 8 0.25
3.60139 9.51366 0.25
3.60139 11.3137 0.264188
3.60139 13.4543 0.324728
3.60139 16 0.399142
3.60139 19.0273 0.490607
3.60139 22.6274 0.581429
3.60139 26.9087 0.686525
3.60139 32 0.810616
3.60139 38.0546 0.957138
3.60139 45.2548 1.12359
3.60139 53.8174 1.31623
3.60139 64 1.54191
3.60139 76.1093 1.80628
3.60139 90.5097 2.11529
3.60139 107.635 2.47567
3.60139 128 2.89745
3.60139 152.219 3.39109
3.60139 181.019 3.96882
3.60139 215.269 4.64923
3.60139 256 5.44654
3.60139 304.437 6.38056
3.60139 362.039 7.47476
3.60139 430.539 8.76412
3.60139 512 10.2825
3.60139 608.874 12.0638
3.60139 724.077 14.1537
3.60139 861.078 16.612
3.60139 1024 19.5217
3.60139 1217.75 22.9406
3.60139 1448.15 26.9581
3.60139 1722.16 31.6791
3.60139 2048 37.2841
3.60139 2435.5 43.8836
3.60139 2896.31 51.65
3.60139 3444.31 60.7903

3.76083 1.18921 0.25
3.76083 1.41421 0.25
3.76083 1.68179 0.25
3.76083 2 0.25
3.76083 2.37841 0.25
3.76083 2.82843 0.25
3.76083 3.36359 0.25
3.76083 4 0.25
3.76083 4.75683 0.25
3.76083 5.65685 0.25
3.76083 6.72717 0.25
3.76083 8 0.25
3.76083 9.51366 0.25
3.76083 11.3137 0.25602
3.76083 13.4543 0.31049
3.76083 16 0.376547
3.76083 19.0273 0.456659
3.76083 22.6274 0.543724
3.76083 26.9087 0.636915
3.76083 32 0.746078
3.76083 38.0546 0.873951
3.76083 45.2548 1.02287
3.76083 53.8174 1.19132
3.76083 64 1.38752
3.76083 76.1093 1.61602
3.76083 90.5097 1.88216
3.76083 107.635 2.19303
3.76083 128 2.55595
3.76083 152.219 2.97892
3.76083 181.019 3.47189
3.76083 215.269 4.04716
3.76083 256 4.72807
3.76083 304.437 5.52353
3.76083 362.039 6.4528
3.76083 430.539 7.5384
3.76083 512 8.82138
3.76083 608.874 10.3333
3.76083 724.077 12.1043
3.76083 861.078 14.1788
3.76083 1024 16.6191
3.76083 1217.75 19.5182
3.76083 1448.15 22.9227
3.76083 1722.16 26.9206
3.76083 2048 31.6156
3.76083 2435.5 37.2123
3.76083 2896.31 43.8052
3.76083 3444.31 51.5645

3.92734 1.18921 0.25
3.92734 1.41421 0.25
3.92734 1.68179 0.25
3.92734 2 0.25
3.92734 2.37841 0.25
3.92734 2.82843 0.25
3.92734 3.36359 0.25
3.92734 4 0.25
3.92734 4.75683 0.25
3.92734 5.65685 0.25
3.92734 6.72717 0.25
3.92734 8 0.25
3.92734 9.51366 0.25
3.92734 11.3137 0.25
3.92734 13.4543 0.297628
3.92734 16 0.356643
3.92734 19.0273 0.427358
3.92734 22.6274 0.510088
3.92734 26.9087 0.59333
3.92734 32 0.690157
3.92734 38.0546 0.802784
3.92734 45.2548 0.933791
3.92734 53.8174 1.08411
3.92734 64 1.25664
3.92734 76.1093 1.45662
3.92734 90.5097 1.68843
3.92734 107.635 1.95713
3.92734 128 2.27344
3.92734 152.219 2.64184
3.92734 181.019 3.06994
3.92734 215.269 3.5674
3.92734 256 4.14933
3.92734 304.437 4.84056
3.92734 362.039 5.64692
3.92734 430.539 6.5876
3.92734 512 7.68497
3.92734 608.874 8.99113
3.92734 724.077 10.5299
3.92734 861.078 12.332
3.92734 1024 14.4424
3.92734 1217.75 16.9346
3.92734 1448.15 19.9015
3.92734 1722.16 23.3874
3.92734 2048 27.4836
3.92734 2435.5 32.3026
3.92734 2896.31 38.0728
3.92734 3444.31 44.8699

4.10122 1.18921 0.25
4.10122 1.41421 0.25
4.10122 1.68179 0.25
4.10122 2 0.25
4.10122 2.37841 0.25
4.10122 2.82843 0.25
4.10122 3.36359 0.25
4.10122 4 0.25
4.10122 4.75683 0.25
4.10122 5.65685 0.25
4.10122 6.72717 0.25
4.10122 8 0.25
4.10122 9.51366 0.25
4.10122 11.3137 0.25
4.10122 13.4543 0.285924
4.10122 16 0.338958
4.10122 19.0273 0.40183
4.10122 22.6274 0.476363
4.10122 26.9087 0.554662
4.10122 32 0.64123
4.10122 38.0546 0.741309
4.10122 45.2548 0.857007
4.10122 53.8174 0.990762
4.10122 64 1.14422
4.10122 76.1093 1.32136
4.10122 90.5097 1.52592
4.10122 107.635 1.76214
4.10122 128 2.03604
4.10122 152.219 2.36183
4.10122 181.019 2.73974
4.10122 215.269 3.17812
4.10122 256 3.68665
4.10122 304.437 4.28712
4.10122 362.039 5.00044
4.10122 430.539 5.83242
4.10122 512 6.80281
4.10122 608.874 7.93464
4.10122 724.077 9.29853
4.10122 861.078 10.8996
4.10122 1024 12.7762
4.10122 1217.75 14.9758
4.10122 1448.15 17.596
4.10122 1722.16 20.7089
4.10122 2048 24.3717
4.10122 2435.5 28.6818
4.10122 2896.31 33.7908
4.10122 3444.31 39.8942

4.2828 1.18921 0.25
4.2828 1.41421 0.25
4.2828 1.68179 0.25
4.2828 2 0.25
4.2828 2.37841 0.25
4.2828 2.82843 0.25
4.2828 3.36359 0.25
4.2828 4 0.25
4.2828 4.75683 0.25
4.2828 5.65685 0.25
4.2828 6.72717 0.25
4.2828 8 0.25
4.2828 9.51366 0.25
4.2828 11.3137 0.25
4.2828 13.4543 0.275195
4.2828 16 0.323121
4.2828 19.0273 0.379392
4.2828 22.6274 0.445464
4.2828 26.9087 0.519998
4.2828 32 0.597992
4.2828 38.0546 0.687683
4.2828 45.2548 0.790827
4.2828 53.8174 0.909441
4.2828 64 1.04634
4.2828 76.1093 1.20504
4.2828 90.5097 1.38781
4.2828 107.635 1.59831
4.2828 128 1.84073
4.2828 152.219 2.12571
4.2828 181.019 2.46437
4.2828 215.269 2.85698
4.2828 256 3.31212
4.2828 304.437 3.83978
4.2828 362.039 4.47401
4.2828 430.539 5.22302
4.2828 512 6.09739
4.2828 608.874 7.11811
4.2828 724.077 8.32148
4.2828 861.078 9.77055
4.2828 1024 11.4717
4.2828 1217.75 13.4689
4.2828 1448.15 15.8138
4.2828 1722.16 18.6416
4.2828 2048 21.9805
4.2828 2435.5 25.9163
4.2828 2896.31 30.5562
4.2828 3444.31 36.1134

4.47241 1.18921 0.25
4.47241 1.41421 0.25
4.47241 1.68179 0.25
4.47241 2 0.25
4.47241 2.37841 0.25
4.47241 2.82843 0.25
4.47241 3.36359 0.25
4.47241 4 0.25
4.47241 4.75683 0.25
4.47241 5.65685 0.25
4.47241 6.72717 0.25
4.47241 8 0.25
4.47241 9.51366 0.25
4.47241 11.3137 0.25
4.47241 13.4543 0.26529
4.47241 16 0.308828
4.47241 19.0273 0.35951
4.47241 22.6274 0.41851
4.47241 26.9087 0.487192
4.47241 32 0.559373
4.47241 38.0546 0.640426
4.47241 45.2548 0.733223
4.47241 53.8174 0.839466
4.47241 64 0.961103
4.47241 76.1093 1.10364
4.47241 90.5097 1.26888
4.47241 107.635 1.45886
4.47241 128 1.67728
4.47241 152.219 1.92841
4.47241 181.019 2.23154
4.47241 215.269 2.58823
4.47241 256 3.00193
4.47241 304.437 3.48176
4.47241 362.039 4.0404
4.47241 430.539 4.72479
4.47241 512 5.52504
4.47241 608.874 6.4608
4.47241 724.077 7.55503
4.47241 861.078 8.86916
4.47241 1024 10.435
4.47241 1217.75 12.277
4.47241 1448.15 14.444
4.47241 1722.16 17.0206
4.47241 2048 20.1096
4.47241 2435.5 23.7569
4.47241 2896.31 28.0643
4.47241 3444.31 33.1758

4.67042 1.18921 0.25
4.67042 1.41421 0.25
4.67042 1.68179 0.25
4.67042 2 0.25
4.67042 2.37841 0.25
4.67042 2.82843 0.25
4.67042 3.36359 0.25
4.67042 4 0.25
4.67042 4.75683 0.25
4.67042 5.65685 0.25
4.67042 6.72717 0.25
4.67042 8 0.25
4.67042 9.51366 0.25
4.67042 11.3137 0.25
4.67042 13.4543 0.256079
4.67042 16 0.29583
4.67042 19.0273 0.341753
4.67042 22.6274 0.394803
4.67042 26.9087 0.456089
4.67042 32 0.524487
4.67042 38.0546 0.598328
4.67042 45.2548 0.682564
4.67042 53.8174 0.778658
4.67042 64 0.888282
4.67042 76.1093 1.01406
4.67042 90.5097 1.16508
4.67042 107.635 1.33859
4.67042 128 1.53794
4.67042 152.219 1.76698
4.67042 181.019 2.03249
4.67042 215.269 2.36058
4.67042 256 2.74161
4.67042 304.437 3.18414
4.67042 362.039 3.6981
4.67042 430.539 4.31353
4.67042 512 5.05523
4.67042 608.874 5.9244
4.67042 724.077 6.94296
4.67042 861.078 8.14198
4.67042 1024 9.60053
4.67042 1217.75 11.3198
4.67042 1448.15 13.3465
4.67042 1722.16 15.7359
4.67042 2048 18.62
4.67042 2435.5 22.0376
4.67042 2896.31 26.0795
4.67042 3444.31 30.8608

4.8772 1.18921 0.25
4.8772 1.41421 0.25
4.8772 1.68179 0.25
4.8772 2 0.25
4.8772 2.37841 0.25
4.8772 2.82843 0.25
4.8772 3.36359 0.25
4.8772 4 0.25
4.8772 4.75683 0.25
4.8772 5.65685 0.25
4.8772 6.72717 0.25
4.8772 8 0.25
4.8772 9.51366 0.25
4.8772 11.3137 0.25
4.8772 13.4543 0.25
4.8772 16 0.283919
4.8772 19.0273 0.325769
4.8772 22.6274 0.373788
4.8772 26.9087 0.428886
4.8772 32 0.492105
4.8772 38.0546 0.56039
4.8772 45.2548 0.637519
4.8772 53.8174 0.725263
4.8772 64 0.825083
4.8772 76.1093 0.938642
4.8772 90.5097 1.07336
4.8772 107.635 1.23353
4.8772 128 1.41761
4.8772 152.219 1.62915
4.8772 181.019 1.87227
4.8772 215.269 2.16597
4.8772 256 2.52079
4.8772 304.437 2.93371
4.8772 362.039 3.41427
4.8772 430.539 3.97354
4.8772 512 4.6662
4.8772 608.874 5.48175
4.8772 724.077 6.43974
4.8772 861.078 7.56511
4.8772 1024 8.92094
4.8772 1217.75 10.5402
4.8772 1448.15 12.4526
4.8772 1722.16 14.7115
4.8772 2048 17.4121
4.8772 2435.5 20.642
4.8772 2896.31 24.4654
4.8772 3444.31 28.9932

5.09313 1.18921 0.25
5.09313 1.41421 0.25
5.09313 1.68179 0.25
5.09313 2 0.25
5.09313 2.37841 0.25
5.09313 2.82843 0.25
5.09313 3.36359 0.25
5.09313 4 0.25
5.09313 4.75683 0.25
5.09313 5.65685 0.25
5.09313 6.72717 0.25
5.09313 8 0.25
5.09313 9.51366 0.25
5.09313 11.3137 0.25
5.09313 13.4543 0.25
5.09313 16 0.27291
5.09313 19.0273 0.311266
5.09313 22.6274 0.355013
5.09313 26.9087 0.404908
5.09313 32 0.461815
5.09313 38.0546 0.525785
5.09313 45.2548 0.596996
5.09313 53.8174 0.67785
5.09313 64 0.769655
5.09313 76.1093 0.873894
5.09313 90.5097 0.99225
5.09313 107.635 1.1407
5.09313 128 1.31243
5.09313 152.219 1.51
5.09313 181.019 1.73732
5.09313 215.269 1.99885
5.09313 256 2.33206
5.09313 304.437 2.72095
5.09313 362.039 3.17467
5.09313 430.539 3.70405
5.09313 512 4.3419
5.09313 608.874 5.11309
5.09313 724.077 6.0211
5.09313 861.078 7.09026
5.09313 1024 8.36079
5.09313 1217.75 9.89653
5.09313 1448.15 11.713
5.09313 1722.16 13.8619
5.09313 2048 16.4131
5.09313 2435.5 19.4863
5.09313 2896.31 23.126
5.09313 3444.31 27.4386

5.31862 1.18921 0.25
5.31862 1.41421 0.25
5.31862 1.68179 0.25
5.31862 2 0.25
5.31862 2.37841 0.25
5.31862 2.82843 0.25
5.31862 3.36359 0.25
5.31862 4 0.25
5.31862 4.75683 0.25
5.31862 5.65685 0.25
5.31862 6.72717 0.25
5.31862 8 0.25
5.31862 9.51366 0.25
5.31862 11.3137 0.25
5.31862 13.4543 0.25
5.31862 16 0.262645
5.31862 19.0273 0.297994
5.31862 22.6274 0.338102
5.31862 26.9087 0.383607
5.31862 32 0.435237
5.31862 38.0546 0.493816
5.31862 45.2548 0.560098
5.31862 53.8174 0.635254
5.31862 64 0.720495
5.31862 76.1093 0.817174
5.31862 90.5097 0.926825
5.31862 107.635 1.05798
5.31862 128 1.21957
5.31862 152.219 1.40584
5.31862 181.019 1.62056
5.31862 215.269 1.86807
5.31862 256 2.1701
5.31862 304.437 2.53899
5.31862 362.039 2.97057
5.31862 430.539 3.47548
5.31862 512 4.06996
5.31862 608.874 4.80358
5.31862 724.077 5.66915
5.31862 861.078 6.69051
5.31862 1024 7.89577
5.31862 1217.75 9.35756
5.31862 1448.15 11.0917
5.31862 1722.16 13.1456
5.31862 2048 15.5786
5.31862 2435.5 18.5089
5.31862 2896.31 21.9907
5.31862 3444.31 26.1177

5.5541 1.18921 0.25
5.5541 1.41421 0.25
5.5541 1.68179 0.25
5.5541 2 0.25
5.5541 2.37841 0.25
5.5541 2.82843 0.25
5.5541 3.36359 0.25
5.5541 4 0.25
5.5541 4.75683 0.25
5.5541 5.65685 0.25
5.5541 6.72717 0.25
5.5541 8 0.25
5.5541 9.51366 0.25
5.5541 11.3137 0.25
5.5541 13.4543 0.25
5.5541 16 0.25298
5.5541 19.0273 0.285739
5.5541 22.6274 0.322739
5.5541 26.9087 0.36453
5.5541 32 0.411732
5.5541 38.0546 0.465047
5.5541 45.2548 0.526089
5.5541 53.8174 0.596515
5.5541 64 0.676368
5.5541 76.1093 0.766911
5.5541 90.5097 0.869574
5.5541 107.635 0.98598
5.5541 128 1.137
5.5541 152.219 1.31396
5.5541 181.019 1.51845
5.5541 215.269 1.75477
5.5541 256 2.0308
5.5541 304.437 2.38262
5.5541 362.039 2.79534
5.5541 430.539 3.27952
5.5541 512 3.84755
5.5541 608.874 4.54118
5.5541 724.077 5.36978
5.5541 861.078 6.34923
5.5541 1024 7.50711
5.5541 1217.75 8.89839
5.5541 1448.15 10.5609
5.5541 1722.16 12.5312
5.5541 2048 14.8669
5.5541 2435.5 17.6649
5.5541 2896.31 21.0062
5.5541 3444.31 24.9691

5.8 1.18921 0.25
5.8 1.41421 0.25
5.8 1.68179 0.25
5.8 2 0.25
5.8 2.37841 0.25
5.8 2.82843 0.25
5.8 3.36359 0.25
5.8 4 0.25
5.8 4.75683 0.25
5.8 5.65685 0.25
5.8 6.72717 0.25
5.8 8 0.25
5.8 9.51366 0.25
5.8 11.3137 0.25
5.8 13.4543 0.25
5.8 16 0.25
5.8 19.0273 0.274316
5.8 22.6274 0.308655
5.8 26.9087 0.347293
5.8 32 0.390767
5.8 38.0546 0.439684
5.8 45.2548 0.494724
5.8 53.8174 0.560823
5.8 64 0.636222
5.8 76.1093 0.721758
5.8 90.5097 0.818793
5.8 107.635 0.928874
5.8 128 1.06317
5.8 152.219 1.23221
5.8 181.019 1.42813
5.8 215.269 1.6552
5.8 256 1.91836
5.8 304.437 2.24719
5.8 362.039 2.64339
5.8 430.539 3.10938
5.8 512 3.65749
5.8 608.874 4.31581
5.8 724.077 5.11188
5.8 861.078 6.05418
5.8 1024 7.16979
5.8 1217.75 8.50135
5.8 1448.15 10.1004
5.8 1722.16 11.9964
5.8 2048 14.245
5.8 2435.5 16.9264
5.8 2896.31 20.139
5.8 3444.31 23.9515

6.05679 1.18921 0.25
6.05679 1.41421 0.25
6.05679 1.68179 0.25
6.05679 2 0.25
6.05679 2.37841 0.25
6.05679 2.82843 0.25
6.05679 3.36359 0.25
6.05679 4 0.25
6.05679 4.75683 0.25
6.05679 5.65685 0.25
6.05679 6.72717 0.25
6.05679 8 0.25
6.05679 9.51366 0.25
6.05679 11.3137 0.25
6.05679 13.4543 0.25
6.05679 16 0.25
6.05679 19.0273 0.263574
6.05679 22.6274 0.295624
6.05679 26.9087 0.331572
6.05679 32 0.37189
6.05679 38.0546 0.417111
6.05679 45.2548 0.46783
6.05679 53.8174 0.527509
6.05679 64 0.599168
6.05679 76.1093 0.68056
6.05679 90.5097 0.773008
6.05679 107.635 0.878014
6.05679 128 0.997284
6.05679 152.219 1.159
6.05679 181.019 1.34761
6.05679 215.269 1.56691
6.05679 256 1.82189
6.05679 304.437 2.12982
6.05679 362.039 2.5116
6.05679 430.539 2.96172
6.05679 512 3.49247
6.05679 608.874 4.12262
6.05679 724.077 4.88974
6.05679 861.078 5.7987
6.05679 1024 6.87599
6.05679 1217.75 8.15573
6.05679 1448.15 9.69702
6.05679 1722.16 11.5252
6.05679 2048 13.6944
6.05679 2435.5 16.2723
6.05679 2896.31 19.366
6.05679 3444.31 23.0387

